0.000000000000000000e+00 8.852007359685383214e-01
1.000000000000000000e+00 1.031425019120411735e+00
2.000000000000000000e+00 1.177649302272284926e+00
3.000000000000000000e+00 1.323873585424158339e+00
4.000000000000000000e+00 1.470097868576031530e+00
5.000000000000000000e+00 1.628537998683752042e+00
6.000000000000000000e+00 1.896920751394097326e+00
7.000000000000000000e+00 2.165303504104442833e+00
8.000000000000000000e+00 2.433686256814787896e+00
9.000000000000000000e+00 2.702069009525133403e+00
1.000000000000000000e+01 2.970451762235478466e+00
1.100000000000000000e+01 3.238834514945823528e+00
1.200000000000000000e+01 3.507217267656169035e+00
1.300000000000000000e+01 3.722717514030841279e+00
1.400000000000000000e+01 3.462275203384451494e+00
1.500000000000000000e+01 3.201832892738062153e+00
1.600000000000000000e+01 2.924497213630635528e+00
1.700000000000000000e+01 2.495121218373879568e+00
1.800000000000000000e+01 2.065745223117124052e+00
1.900000000000000000e+01 1.663179396604188121e+00
2.000000000000000000e+01 1.501905088785626674e+00
2.100000000000000000e+01 1.340630780967065006e+00
2.200000000000000000e+01 1.217587913009887890e+00
2.300000000000000000e+01 1.438628003805166200e+00
2.400000000000000000e+01 1.659668094600444732e+00
2.500000000000000000e+01 1.869217745854081958e+00
2.600000000000000000e+01 1.975353441232950313e+00
2.700000000000000000e+01 2.081489136611818669e+00
2.800000000000000000e+01 2.183286068383138545e+00
2.900000000000000000e+01 2.246034127686521664e+00
3.000000000000000000e+01 2.308782186989904339e+00
3.100000000000000000e+01 2.361572221154244922e+00
3.200000000000000000e+01 2.324740029067203118e+00
3.300000000000000000e+01 2.287907836980160869e+00
3.400000000000000000e+01 2.251075644893119065e+00
3.500000000000000000e+01 2.209890668769804556e+00
3.600000000000000000e+01 2.129530636320037917e+00
3.700000000000000000e+01 2.049170603870270835e+00
3.800000000000000000e+01 1.968810571420503974e+00
3.900000000000000000e+01 1.888450538970737114e+00
4.000000000000000000e+01 1.810201017715858063e+00
4.100000000000000000e+01 1.750946097214970854e+00
4.200000000000000000e+01 1.691691176714083644e+00
4.300000000000000000e+01 1.632436256213196435e+00
4.400000000000000000e+01 1.573181335712309226e+00
4.500000000000000000e+01 1.513926415211421794e+00
4.600000000000000000e+01 1.452446425559689391e+00
4.700000000000000000e+01 1.370940813550350468e+00
4.800000000000000000e+01 1.289435201541011544e+00
4.900000000000000000e+01 1.207929589531672621e+00
5.000000000000000000e+01 1.126423977522333697e+00
5.100000000000000000e+01 1.044918365512994773e+00
5.200000000000000000e+01 9.634127535036558498e-01
5.300000000000000000e+01 8.819071414943169263e-01
5.400000000000000000e+01 8.004015294849780027e-01
5.500000000000000000e+01 7.452497649483105224e-01
5.600000000000000000e+01 9.272826276656822575e-01
5.700000000000000000e+01 1.109315490383053993e+00
5.800000000000000000e+01 1.291348353100425506e+00
5.900000000000000000e+01 1.473381215817797241e+00
6.000000000000000000e+01 1.655414078535168976e+00
6.100000000000000000e+01 1.837446941252540711e+00
6.200000000000000000e+01 2.037213621551356546e+00
6.300000000000000000e+01 2.396584660083168838e+00
6.400000000000000000e+01 2.755955698614978910e+00
6.500000000000000000e+01 3.115326737146791203e+00
6.600000000000000000e+01 3.474697775678603939e+00
6.700000000000000000e+01 3.834068814210415788e+00
6.800000000000000000e+01 4.193439852742228524e+00
6.900000000000000000e+01 4.552810891274040372e+00
7.000000000000000000e+01 4.912181929805853109e+00
7.100000000000000000e+01 5.271552968337665845e+00
7.200000000000000000e+01 5.630924006869477694e+00
7.300000000000000000e+01 5.990295045401290430e+00
7.400000000000000000e+01 6.349666083933103167e+00
7.500000000000000000e+01 6.709037122464915015e+00
7.600000000000000000e+01 7.035624928105576714e+00
7.700000000000000000e+01 7.067163637725859537e+00
7.800000000000000000e+01 7.089017935366234369e+00
7.900000000000000000e+01 7.023712525187439937e+00
8.000000000000000000e+01 6.958407115008645505e+00
8.100000000000000000e+01 6.893101704829851073e+00
8.200000000000000000e+01 6.925151703452858243e+00
8.300000000000000000e+01 7.833400381292138448e+00
8.400000000000000000e+01 8.741649059131418653e+00
8.500000000000000000e+01 9.649897736970697082e+00
8.600000000000000000e+01 1.055814641480997729e+01
8.700000000000000000e+01 1.146639509264925749e+01
8.800000000000000000e+01 1.227281255566664697e+01
8.900000000000000000e+01 1.216274908528697551e+01
9.000000000000000000e+01 1.213628545411178727e+01
9.100000000000000000e+01 1.286222037577696931e+01
9.200000000000000000e+01 1.358815529744215311e+01
9.300000000000000000e+01 1.431409021910733514e+01
9.400000000000000000e+01 1.504002514077251718e+01
9.500000000000000000e+01 1.576596006243770098e+01
9.600000000000000000e+01 1.649189498410288479e+01
9.700000000000000000e+01 1.721782990576806682e+01
9.800000000000000000e+01 1.794376482743324885e+01
9.900000000000000000e+01 1.866969974909843444e+01
1.000000000000000000e+02 1.939356272768959855e+01
1.010000000000000000e+02 2.009877821861461911e+01
1.020000000000000000e+02 2.080399370953963611e+01
1.030000000000000000e+02 2.150920920046465312e+01
1.040000000000000000e+02 2.221442469138967368e+01
1.050000000000000000e+02 2.291964018231469069e+01
1.060000000000000000e+02 2.362485567323970770e+01
1.070000000000000000e+02 2.433007116416472826e+01
1.080000000000000000e+02 2.503528665508974527e+01
1.090000000000000000e+02 2.574050214601476227e+01
1.100000000000000000e+02 2.628580661123315210e+01
1.110000000000000000e+02 2.539191184509178711e+01
1.120000000000000000e+02 2.449801707895042213e+01
1.130000000000000000e+02 2.360412231280905715e+01
1.140000000000000000e+02 2.271022754666769217e+01
1.150000000000000000e+02 2.181633278052632718e+01
1.160000000000000000e+02 2.092243801438496220e+01
1.170000000000000000e+02 2.002854324824359722e+01
1.180000000000000000e+02 1.913464848210223224e+01
1.190000000000000000e+02 1.824075371596086370e+01
1.200000000000000000e+02 1.734685894981949872e+01
