0.000000000000000000e+00 0.000000000000000000e+00
1.000000000000000000e+00 6.742720255380637573e-01
2.000000000000000000e+00 7.487458469817663831e-01
3.000000000000000000e+00 4.752346732959926712e-01
4.000000000000000000e+00 1.119350382217968315e-01
5.000000000000000000e+00 3.753665184156171342e-02
6.000000000000000000e+00 3.643418826350051098e-01
7.000000000000000000e+00 7.992816096793734504e-01
8.000000000000000000e+00 9.226445331403626549e-01
9.000000000000000000e+00 6.117192687033085052e-01
1.000000000000000000e+01 1.695161311633744117e-01
1.100000000000000000e+01 2.442508476475701434e-02
1.200000000000000000e+01 3.146718918157396239e-01
1.300000000000000000e+01 7.741989137481309902e-01
1.400000000000000000e+01 1.003644140610131741e+00
1.500000000000000000e+01 8.286519492884366622e-01
1.600000000000000000e+01 4.133749759966189874e-01
1.700000000000000000e+01 8.212163656403917433e-02
1.800000000000000000e+01 5.889135106649269480e-02
1.900000000000000000e+01 3.342831698986123978e-01
2.000000000000000000e+01 7.066853750654145117e-01
2.100000000000000000e+01 9.258093960140386658e-01
2.200000000000000000e+01 8.480348109447437555e-01
2.300000000000000000e+01 5.254147563584489200e-01
2.400000000000000000e+01 1.711138408517053344e-01
2.500000000000000000e+01 1.290541397581973157e-02
2.600000000000000000e+01 1.374830860576689850e-01
2.700000000000000000e+01 4.415595781051955271e-01
2.800000000000000000e+01 7.134624727563088076e-01
2.900000000000000000e+01 7.723764041659308965e-01
3.000000000000000000e+01 5.798205289064842782e-01
3.100000000000000000e+01 2.726689389442933376e-01
3.200000000000000000e+01 8.628508681936072899e-02
3.300000000000000000e+01 1.772381582750101325e-01
3.400000000000000000e+01 4.627616157956172538e-01
3.500000000000000000e+01 6.575391508872228119e-01
3.600000000000000000e+01 5.417380745000764941e-01
3.700000000000000000e+01 2.166149456999274248e-01
3.800000000000000000e+01 3.724857043848226607e-02
3.900000000000000000e+01 2.340035970488840711e-01
4.000000000000000000e+01 6.262861783546156413e-01
4.100000000000000000e+01 7.900167911045425928e-01
4.200000000000000000e+01 5.338209298902696354e-01
4.300000000000000000e+01 1.435450943007143543e-01
4.400000000000000000e+01 8.231452852069991166e-02
4.500000000000000000e+01 4.623298500932485622e-01
4.600000000000000000e+01 8.952699881560334250e-01
4.700000000000000000e+01 9.119450340273577149e-01
4.800000000000000000e+01 4.888136594785911782e-01
4.900000000000000000e+01 8.909604440373068701e-02
5.000000000000000000e+01 1.689173147542246678e-01
5.100000000000000000e+01 6.890110941228377861e-01
5.200000000000000000e+01 1.152795349556403615e+00
5.300000000000000000e+01 1.113674671269309524e+00
5.400000000000000000e+01 6.122289967106898656e-01
5.500000000000000000e+01 1.136359119217053154e-01
5.600000000000000000e+01 4.635285939775288244e-02
5.700000000000000000e+01 4.163214899114142664e-01
5.800000000000000000e+01 8.442087351349615298e-01
5.900000000000000000e+01 9.404088170421290860e-01
6.000000000000000000e+01 6.425567719481224405e-01
6.100000000000000000e+01 2.286653891630895663e-01
6.200000000000000000e+01 3.999420660915414816e-02
6.300000000000000000e+01 1.862822220466176792e-01
6.400000000000000000e+01 4.807557163825091351e-01
6.500000000000000000e+01 6.305297705470310765e-01
6.600000000000000000e+01 4.969394211111974324e-01
6.700000000000000000e+01 2.031335383027724761e-01
6.800000000000000000e+01 1.085737280862193385e-02
6.900000000000000000e+01 8.421900223500147775e-02
7.000000000000000000e+01 3.467713164744156140e-01
7.100000000000000000e+01 5.531906144917099200e-01
7.200000000000000000e+01 5.113771387333148066e-01
7.300000000000000000e+01 2.590634280626908370e-01
7.400000000000000000e+01 3.439829764244062282e-02
7.500000000000000000e+01 5.976473186895993328e-02
7.600000000000000000e+01 3.311777039539903211e-01
7.700000000000000000e+01 6.118747292541566463e-01
7.800000000000000000e+01 6.466013609198528744e-01
7.900000000000000000e+01 4.013827507256637617e-01
8.000000000000000000e+01 9.907755266461176769e-02
8.100000000000000000e+01 1.207358054279602036e-02
8.200000000000000000e+01 2.101742257120771673e-01
8.300000000000000000e+01 5.050509815784186562e-01
8.400000000000000000e+01 6.357380853110805585e-01
8.500000000000000000e+01 5.052636857016407079e-01
8.600000000000000000e+01 2.447296125769405362e-01
8.700000000000000000e+01 6.791938950376930073e-02
8.800000000000000000e+01 7.952141703042182874e-02
8.900000000000000000e+01 2.149565190132005366e-01
9.000000000000000000e+01 3.347491927898513242e-01
9.100000000000000000e+01 3.531104015537956387e-01
9.200000000000000000e+01 2.828336662157635018e-01
9.300000000000000000e+01 1.876447182718995466e-01
9.400000000000000000e+01 1.163459813269101389e-01
9.500000000000000000e+01 8.061691091994006853e-02
9.600000000000000000e+01 7.392519337904619736e-02
9.700000000000000000e+01 9.197516915808688631e-02
9.800000000000000000e+01 1.311632314594140536e-01
9.900000000000000000e+01 1.759499894865373948e-01
1.000000000000000000e+02 1.981614168973144241e-01
1.010000000000000000e+02 1.749291734392527387e-01
1.020000000000000000e+02 1.099352746770289879e-01
1.030000000000000000e+02 3.718822071570712651e-02
1.040000000000000000e+02 1.019544245987713104e-03
1.050000000000000000e+02 2.633493061576259314e-02
1.060000000000000000e+02 1.018546618976277907e-01
1.070000000000000000e+02 1.889511417939841453e-01
1.080000000000000000e+02 2.480876056009112540e-01
1.090000000000000000e+02 2.611662028901645671e-01
1.100000000000000000e+02 2.337332895048033210e-01
1.110000000000000000e+02 1.815982789842491285e-01
1.120000000000000000e+02 1.216814995583741787e-01
1.130000000000000000e+02 7.832074858649540339e-02
1.140000000000000000e+02 9.007061428895864197e-02
1.150000000000000000e+02 1.905187776361183527e-01
1.160000000000000000e+02 3.641594756118473053e-01
1.170000000000000000e+02 5.225351565354974248e-01
1.180000000000000000e+02 5.490174182005560510e-01
1.190000000000000000e+02 3.976178873498261712e-01
1.200000000000000000e+02 1.582155781330953914e-01
