0.000000000000000000e+00 0.000000000000000000e+00
1.000000000000000000e+00 5.282471103504919885e-01
2.000000000000000000e+00 1.873236843256355644e-01
3.000000000000000000e+00 1.735307162331085618e-01
4.000000000000000000e+00 8.261749217029814574e-01
5.000000000000000000e+00 1.204721773576140631e+00
6.000000000000000000e+00 8.474657923038194651e-01
7.000000000000000000e+00 1.878972803876540754e-01
8.000000000000000000e+00 2.847442620289478699e-01
9.000000000000000000e+00 1.278738940404013702e+00
1.000000000000000000e+01 1.351786923411585128e+00
1.100000000000000000e+01 5.386646890199368043e-01
1.200000000000000000e+01 2.871462148599553468e-02
1.300000000000000000e+01 6.256857381297341592e-01
1.400000000000000000e+01 1.213261455816194490e+00
1.500000000000000000e+01 7.976818637802970402e-01
1.600000000000000000e+01 8.083427891936389997e-02
1.700000000000000000e+01 2.220797168917488240e-01
1.800000000000000000e+01 9.397403692085249949e-01
1.900000000000000000e+01 9.897733154707943903e-01
2.000000000000000000e+01 3.000929066767259457e-01
2.100000000000000000e+01 8.921197830211091695e-02
2.200000000000000000e+01 8.624273291249751061e-01
2.300000000000000000e+01 1.390819644776433162e+00
2.400000000000000000e+01 9.186921040287192586e-01
2.500000000000000000e+01 2.661918789605103863e-01
2.600000000000000000e+01 9.101013947270846227e-01
2.700000000000000000e+01 2.251639643958689430e+00
2.800000000000000000e+01 1.955288037851004912e+00
2.900000000000000000e+01 1.287241936840741063e+00
3.000000000000000000e+01 8.913336859396009393e-01
3.100000000000000000e+01 2.608517373134691564e+00
3.200000000000000000e+01 3.940365759871314211e+00
3.300000000000000000e+01 8.070247359961350009e-01
3.400000000000000000e+01 9.558782117967210556e-01
3.500000000000000000e+01 3.508900793934070617e+00
3.600000000000000000e+01 1.997074670877495128e+00
3.700000000000000000e+01 5.661031809036589646e-01
3.800000000000000000e+01 1.592672963863579039e+00
3.900000000000000000e+01 1.787252361431503678e+00
4.000000000000000000e+01 7.853271342964366353e-01
4.100000000000000000e+01 3.771434536561735218e-01
4.200000000000000000e+01 9.470698587352736064e-01
4.300000000000000000e+01 1.180791489487831747e+00
4.400000000000000000e+01 2.630288484486546507e-01
4.500000000000000000e+01 2.284413770043530745e-01
4.600000000000000000e+01 1.000973911762254698e+00
4.700000000000000000e+01 9.287259857010212727e-01
4.800000000000000000e+01 3.194785947970997797e-01
4.900000000000000000e+01 3.764525293626027613e-01
5.000000000000000000e+01 1.430272055088013250e+00
5.100000000000000000e+01 1.178733966998026572e+00
5.200000000000000000e+01 1.628660582844741189e-01
5.300000000000000000e+01 8.742194970524851394e-01
5.400000000000000000e+01 1.824418202349919138e+00
5.500000000000000000e+01 1.552753323902868576e+00
5.600000000000000000e+01 3.856486482205031541e-01
5.700000000000000000e+01 1.578080273336840644e+00
5.800000000000000000e+01 3.214172575448302815e+00
5.900000000000000000e+01 2.288031965381483346e+00
6.000000000000000000e+01 1.209095591659948177e+00
6.100000000000000000e+01 2.669925791930617187e+00
6.200000000000000000e+01 6.020282962097616597e+00
6.300000000000000000e+01 3.397400840492947882e+00
6.400000000000000000e+01 4.115144053877081154e-01
6.500000000000000000e+01 3.720749091939842490e+00
6.600000000000000000e+01 7.406742672498667801e+00
6.700000000000000000e+01 4.530772826734759562e+00
6.800000000000000000e+01 1.421364908369364410e-01
6.900000000000000000e+01 2.538928343729032200e+00
7.000000000000000000e+01 6.886656905716819210e+00
7.100000000000000000e+01 5.016018755505737836e+00
7.200000000000000000e+01 5.477898510979517521e-01
7.300000000000000000e+01 1.745559027442424638e+00
7.400000000000000000e+01 5.461130523487903510e+00
7.500000000000000000e+01 4.080833028541785090e+00
7.600000000000000000e+01 5.753561509323911194e-01
7.700000000000000000e+01 1.913668042059401886e+00
7.800000000000000000e+01 4.829776986205142286e+00
7.900000000000000000e+01 3.171476729856514520e+00
8.000000000000000000e+01 3.113633704981543238e-01
8.100000000000000000e+01 2.859965357857996437e+00
8.200000000000000000e+01 3.412245520901509455e+00
8.300000000000000000e+01 1.911947829771241558e+00
8.400000000000000000e+01 1.215174993150356153e+00
8.500000000000000000e+01 1.035806167233667363e+00
8.600000000000000000e+01 2.021064141745674281e+00
8.700000000000000000e+01 2.393613247158407287e+00
8.800000000000000000e+01 7.241710082963389583e-01
8.900000000000000000e+01 1.673782175179572562e-01
9.000000000000000000e+01 1.908553203818392996e+00
9.100000000000000000e+01 2.351132010218392132e+00
9.200000000000000000e+01 1.476861574617519990e+00
9.300000000000000000e+01 1.239330048591732236e+00
9.400000000000000000e+01 1.301717455509292076e+00
9.500000000000000000e+01 2.758028331314281267e+00
9.600000000000000000e+01 3.229549195508355730e+00
9.700000000000000000e+01 1.153434103751491691e+00
9.800000000000000000e+01 1.812763898853679168e+00
9.900000000000000000e+01 5.342703702124594223e+00
1.000000000000000000e+02 3.884689668497738779e+00
1.010000000000000000e+02 7.608775332763442201e-01
1.020000000000000000e+02 5.369279588824269034e+00
1.030000000000000000e+02 8.786885500761727030e+00
1.040000000000000000e+02 2.831901084780786615e+00
1.050000000000000000e+02 3.238818942657454958e+00
1.060000000000000000e+02 1.235408190057821898e+01
1.070000000000000000e+02 9.787925371338785041e+00
1.080000000000000000e+02 6.141678700940869096e-01
1.090000000000000000e+02 1.166671818045068143e+01
1.100000000000000000e+02 1.556867257735919452e+01
1.110000000000000000e+02 3.935683228178894044e+00
1.120000000000000000e+02 5.243248110255437133e+00
1.130000000000000000e+02 9.243375497463896195e+00
1.140000000000000000e+02 1.149825865457635210e+01
1.150000000000000000e+02 2.743707746698455630e+00
1.160000000000000000e+02 2.952129301718172893e+00
1.170000000000000000e+02 5.931778283496327298e+00
1.180000000000000000e+02 6.861678326151099405e+00
1.190000000000000000e+02 2.788476710605656717e+00
1.200000000000000000e+02 2.226621940765484364e+00
