0.000000000000000000e+00 2.242813195337278187e-01
1.000000000000000000e+00 3.079057168061256622e-01
2.000000000000000000e+00 3.915301140785235612e-01
3.000000000000000000e+00 4.751545113509214047e-01
4.000000000000000000e+00 5.587789086233192482e-01
5.000000000000000000e+00 6.424033058957170361e-01
6.000000000000000000e+00 7.260277031681149351e-01
7.000000000000000000e+00 8.258745454921088136e-01
8.000000000000000000e+00 1.071723393280467285e+00
9.000000000000000000e+00 1.317572241068825978e+00
1.000000000000000000e+01 1.560718068774552769e+00
1.100000000000000000e+01 1.779536715736594221e+00
1.200000000000000000e+01 1.998355362698635673e+00
1.300000000000000000e+01 2.187204444632715905e+00
1.400000000000000000e+01 2.106327441315143378e+00
1.500000000000000000e+01 2.025450437997571296e+00
1.600000000000000000e+01 1.919471954493630728e+00
1.700000000000000000e+01 1.587580149312382005e+00
1.800000000000000000e+01 1.255688344131133505e+00
1.900000000000000000e+01 9.597991700396744097e-01
2.000000000000000000e+01 9.879336757563144111e-01
2.100000000000000000e+01 1.016068181472954413e+00
2.200000000000000000e+01 1.042657435476853856e+00
2.300000000000000000e+01 1.055339424066088494e+00
2.400000000000000000e+01 1.068021412655323354e+00
2.500000000000000000e+01 1.076975831701608266e+00
2.600000000000000000e+01 1.052382124861346302e+00
2.700000000000000000e+01 1.027788418021084116e+00
2.800000000000000000e+01 1.028463812340968397e+00
2.900000000000000000e+01 1.256561117102165781e+00
3.000000000000000000e+01 1.484658421863363165e+00
3.100000000000000000e+01 1.691753589448642625e+00
3.200000000000000000e+01 1.709829522450664108e+00
3.300000000000000000e+01 1.727905455452685812e+00
3.400000000000000000e+01 1.745981388454707295e+00
3.500000000000000000e+01 1.741681476422934027e+00
3.600000000000000000e+01 1.535998959087008675e+00
3.700000000000000000e+01 1.330316441751083323e+00
3.800000000000000000e+01 1.124633924415157971e+00
3.900000000000000000e+01 9.324580060920777402e-01
4.000000000000000000e+01 8.618414788846007202e-01
4.100000000000000000e+01 7.912249516771237001e-01
4.200000000000000000e+01 7.206084244696465690e-01
4.300000000000000000e+01 6.499918972621695490e-01
4.400000000000000000e+01 5.793753700546925289e-01
4.500000000000000000e+01 5.089177700672283811e-01
4.600000000000000000e+01 4.398905150598800828e-01
4.700000000000000000e+01 3.708632600525318401e-01
4.800000000000000000e+01 3.018360050451835974e-01
4.900000000000000000e+01 2.431442510267456947e-01
5.000000000000000000e+01 2.774720059084997414e-01
5.100000000000000000e+01 3.063550181648556081e-01
5.200000000000000000e+01 2.862353467926291306e-01
5.300000000000000000e+01 2.661156754204025976e-01
5.400000000000000000e+01 2.473359461676817306e-01
5.500000000000000000e+01 2.406156959905110249e-01
5.600000000000000000e+01 2.338954458133403191e-01
5.700000000000000000e+01 2.265043665376411941e-01
5.800000000000000000e+01 2.130758253751862119e-01
5.900000000000000000e+01 1.996472842127312020e-01
6.000000000000000000e+01 1.855578059987549600e-01
6.100000000000000000e+01 1.655198943210876017e-01
6.200000000000000000e+01 1.454819826434202157e-01
6.300000000000000000e+01 1.317396068272969345e-01
6.400000000000000000e+01 1.746570537650692090e-01
6.500000000000000000e+01 2.175745007028417888e-01
6.600000000000000000e+01 2.591326241388016149e-01
6.700000000000000000e+01 2.884568360584456315e-01
6.800000000000000000e+01 3.177810479780896480e-01
6.900000000000000000e+01 3.636085492293620325e-01
7.000000000000000000e+01 5.579656544652988881e-01
7.100000000000000000e+01 7.523227597012358547e-01
7.200000000000000000e+01 9.500104570564359419e-01
7.300000000000000000e+01 1.177673483485007333e+00
7.400000000000000000e+01 1.405336509913578613e+00
7.500000000000000000e+01 1.632999536342150115e+00
7.600000000000000000e+01 1.860662562770721395e+00
7.700000000000000000e+01 2.088325589199292676e+00
7.800000000000000000e+01 2.337543450119417443e+00
7.900000000000000000e+01 2.780754821463536697e+00
8.000000000000000000e+01 3.223966192807655506e+00
8.100000000000000000e+01 3.667177564151774316e+00
8.200000000000000000e+01 4.044790724882235899e+00
8.300000000000000000e+01 3.832019990089741146e+00
8.400000000000000000e+01 3.619249255297246393e+00
8.500000000000000000e+01 3.406478520504752083e+00
8.600000000000000000e+01 3.184472121448474802e+00
8.700000000000000000e+01 2.879344744018148994e+00
8.800000000000000000e+01 2.574217366587823186e+00
8.900000000000000000e+01 2.269089989157497822e+00
9.000000000000000000e+01 1.963962611727172014e+00
9.100000000000000000e+01 1.684098272027692689e+00
9.200000000000000000e+01 1.631601271905847028e+00
9.300000000000000000e+01 1.553732412550252073e+00
9.400000000000000000e+01 1.247516820090900147e+00
9.500000000000000000e+01 9.769820742899675281e-01
9.600000000000000000e+01 1.027574948414829326e+00
9.700000000000000000e+01 1.078167822539691123e+00
9.800000000000000000e+01 1.121750405168393749e+00
9.900000000000000000e+01 1.102240364331659839e+00
1.000000000000000000e+02 1.073462505676429757e+00
1.010000000000000000e+02 9.612742866547288045e-01
1.020000000000000000e+02 8.490860676330278523e-01
1.030000000000000000e+02 7.726151927009229370e-01
1.040000000000000000e+02 1.017600414575202672e+00
1.050000000000000000e+02 1.262585636449482518e+00
1.060000000000000000e+02 1.512154546933011767e+00
1.070000000000000000e+02 1.802976654899791198e+00
1.080000000000000000e+02 2.093798762866570407e+00
1.090000000000000000e+02 2.384620870833349393e+00
1.100000000000000000e+02 2.675442978800128824e+00
1.110000000000000000e+02 2.966265086766908254e+00
1.120000000000000000e+02 3.224230316562769705e+00
1.130000000000000000e+02 3.186483642820351569e+00
1.140000000000000000e+02 3.148736969077933434e+00
1.150000000000000000e+02 3.110990295335515743e+00
1.160000000000000000e+02 3.073243621593097608e+00
1.170000000000000000e+02 3.035496947850679472e+00
1.180000000000000000e+02 2.997750274108261337e+00
1.190000000000000000e+02 2.960003600365843202e+00
1.200000000000000000e+02 2.922256926623425510e+00
