0.000000000000000000e+00 0.000000000000000000e+00
1.000000000000000000e+00 3.192076895291964984e-04
2.000000000000000000e+00 5.809717406036301462e-02
3.000000000000000000e+00 9.019794667091896728e-03
4.000000000000000000e+00 6.328526375563824080e-02
5.000000000000000000e+00 4.296893315912785755e-02
6.000000000000000000e+00 6.150810935662054391e-02
7.000000000000000000e+00 1.122703015678155058e-01
8.000000000000000000e+00 3.079560708436472963e-02
9.000000000000000000e+00 1.883955214930815858e-01
1.000000000000000000e+01 1.587621029135487943e-02
1.100000000000000000e+01 1.013352590966773992e-01
1.200000000000000000e+01 1.713077624589652292e-01
1.300000000000000000e+01 2.887497481863735699e-02
1.400000000000000000e+01 1.164751077781463751e-01
1.500000000000000000e+01 2.332565989621925850e-01
1.600000000000000000e+01 4.316839573294006804e-02
1.700000000000000000e+01 2.473628540728279313e-01
1.800000000000000000e+01 9.552325868456912339e-02
1.900000000000000000e+01 1.381812028545475191e-01
2.000000000000000000e+01 1.171196491612112728e-01
2.100000000000000000e+01 5.367518038210108977e-02
2.200000000000000000e+01 1.168531878302835891e-01
2.300000000000000000e+01 1.487439153539386015e-02
2.400000000000000000e+01 7.906409653525373060e-02
2.500000000000000000e+01 1.346523855407937703e-03
2.600000000000000000e+01 4.901899790019852848e-02
2.700000000000000000e+01 2.125961657553325501e-02
2.800000000000000000e+01 6.343146804407800987e-02
2.900000000000000000e+01 9.427066863918814529e-03
3.000000000000000000e+01 1.871496399358927101e-02
3.100000000000000000e+01 3.485328765381077998e-02
3.200000000000000000e+01 1.888220808330839592e-02
3.300000000000000000e+01 2.596853785510440035e-02
3.400000000000000000e+01 1.014092797408969703e-02
3.500000000000000000e+01 2.674979374303824639e-02
3.600000000000000000e+01 4.647349873216703731e-02
3.700000000000000000e+01 6.990737182779631353e-02
3.800000000000000000e+01 3.505909665063355711e-03
3.900000000000000000e+01 3.887308718889475462e-02
4.000000000000000000e+01 9.053049329081222507e-02
4.100000000000000000e+01 5.371294649155440104e-04
4.200000000000000000e+01 2.759802285354240325e-01
4.300000000000000000e+01 1.086574893131878883e-01
4.400000000000000000e+01 5.790709338890323021e-01
4.500000000000000000e+01 3.554842243935429913e-01
4.600000000000000000e+01 1.429094987548997775e+00
4.700000000000000000e+01 1.409762715032104041e-01
4.800000000000000000e+01 1.412130983352989144e+00
4.900000000000000000e+01 1.044583812413502066e+00
5.000000000000000000e+01 1.776068457943407175e-01
5.100000000000000000e+01 1.286643558836430890e+00
5.200000000000000000e+01 1.477257424610824987e-01
5.300000000000000000e+01 6.359910396180741277e-01
5.400000000000000000e+01 6.052492341573749712e-01
5.500000000000000000e+01 4.065621818614841287e-01
5.600000000000000000e+01 1.554156716846218256e+00
5.700000000000000000e+01 6.572261511744183216e-02
5.800000000000000000e+01 1.636260186993945265e+00
5.900000000000000000e+01 5.641267165059911104e-01
6.000000000000000000e+01 7.683381719474237093e-01
6.100000000000000000e+01 2.986141710580956787e-01
6.200000000000000000e+01 8.797764263518390582e-01
6.300000000000000000e+01 2.393959132809531098e-01
6.400000000000000000e+01 5.054110549128718599e-01
6.500000000000000000e+01 8.573671589697202666e-01
6.600000000000000000e+01 4.925608378469924498e-01
6.700000000000000000e+01 2.166068578804991596e-01
6.800000000000000000e+01 5.014899648914428187e-01
6.900000000000000000e+01 2.911414490892087412e-02
7.000000000000000000e+01 4.674064728156979709e-01
7.100000000000000000e+01 8.289963485988349756e-01
7.200000000000000000e+01 1.108919996010899967e+00
7.300000000000000000e+01 4.115877616777531500e+00
7.400000000000000000e+01 6.426514400177708586e-01
7.500000000000000000e+01 5.410919557794705348e+00
7.600000000000000000e+01 2.501434144182598462e+00
7.700000000000000000e+01 1.935079181937666037e+00
7.800000000000000000e+01 1.483529882676318357e+00
7.900000000000000000e+01 6.152029120045070520e-01
8.000000000000000000e+01 4.282328843664954254e-01
8.100000000000000000e+01 4.661587757539002452e-01
8.200000000000000000e+01 9.499319887543930530e-02
8.300000000000000000e+01 1.261483866555411559e+00
8.400000000000000000e+01 5.122261045147425973e-01
8.500000000000000000e+01 5.616359516466838953e-01
8.600000000000000000e+01 4.236610764072505919e-01
8.700000000000000000e+01 5.007638802887096618e-01
8.800000000000000000e+01 2.656224457349577739e-02
8.900000000000000000e+01 3.060144334567315161e-01
9.000000000000000000e+01 7.505803650399466009e-02
9.100000000000000000e+01 2.468558960470049746e-01
9.200000000000000000e+01 1.238697080323973992e-01
9.300000000000000000e+01 3.135663008565422460e-01
9.400000000000000000e+01 7.596129911675653101e-01
9.500000000000000000e+01 7.948101365657142536e-02
9.600000000000000000e+01 4.624034520253187397e-01
9.700000000000000000e+01 5.155555525247331738e-01
9.800000000000000000e+01 1.569277039397824758e-01
9.900000000000000000e+01 6.094757802847678985e-01
1.000000000000000000e+02 3.025164651741205080e-01
1.010000000000000000e+02 1.586213925291369398e+00
1.020000000000000000e+02 9.985917937449281245e-01
1.030000000000000000e+02 2.996092350322105080e+00
1.040000000000000000e+02 1.677878170407611336e+00
1.050000000000000000e+02 5.931983615183642478e+00
1.060000000000000000e+02 4.603334656286009463e-02
1.070000000000000000e+02 6.449621915462664390e+00
1.080000000000000000e+02 2.324821069067383394e+00
1.090000000000000000e+02 1.922138094409881592e+00
1.100000000000000000e+02 2.220044641301432531e+00
1.110000000000000000e+02 2.093835520379053960e+00
1.120000000000000000e+02 1.143739939928132276e+00
1.130000000000000000e+02 1.535567435637634759e+00
1.140000000000000000e+02 2.524918341372397901e+00
1.150000000000000000e+02 3.396581308773985342e+00
1.160000000000000000e+02 2.080326998702540564e+00
1.170000000000000000e+02 5.185730873200443902e+00
1.180000000000000000e+02 4.342446718789684468e+00
1.190000000000000000e+02 2.081818099685192269e+00
1.200000000000000000e+02 3.431675909636816790e+00
