0.000000000000000000e+00 6.689529767229190904e-02
1.000000000000000000e+00 2.357776549957556478e-01
2.000000000000000000e+00 4.046600123192194420e-01
3.000000000000000000e+00 5.735423696426832363e-01
4.000000000000000000e+00 7.424247269661469195e-01
5.000000000000000000e+00 9.113070842896107138e-01
6.000000000000000000e+00 1.080189441613074397e+00
7.000000000000000000e+00 1.249071798936538080e+00
8.000000000000000000e+00 1.444644051225296044e+00
9.000000000000000000e+00 1.880425358201700536e+00
1.000000000000000000e+01 2.316206665178104807e+00
1.100000000000000000e+01 2.755097948583804079e+00
1.200000000000000000e+01 3.221979019853153492e+00
1.300000000000000000e+01 3.688860091122502904e+00
1.400000000000000000e+01 4.155741162391851873e+00
1.500000000000000000e+01 4.650438779260814393e+00
1.600000000000000000e+01 5.395485306526297542e+00
1.700000000000000000e+01 6.140531833791779803e+00
1.800000000000000000e+01 6.769654984140648146e+00
1.900000000000000000e+01 6.355467742240015205e+00
2.000000000000000000e+01 5.941280500339382264e+00
2.100000000000000000e+01 5.418063195286800138e+00
2.200000000000000000e+01 3.913575321866680667e+00
2.300000000000000000e+01 2.572957318155457251e+00
2.400000000000000000e+01 2.707168141824269458e+00
2.500000000000000000e+01 2.790086746948335250e+00
2.600000000000000000e+01 2.411375385169688634e+00
2.700000000000000000e+01 2.032664023391042019e+00
2.800000000000000000e+01 1.653952661612395625e+00
2.900000000000000000e+01 1.305193021825523880e+00
3.000000000000000000e+01 1.225998879964619759e+00
3.100000000000000000e+01 1.146804738103715637e+00
3.200000000000000000e+01 1.067610596242811294e+00
3.300000000000000000e+01 9.979815966410121586e-01
3.400000000000000000e+01 1.014438877371155678e+00
3.500000000000000000e+01 1.030896158101299420e+00
3.600000000000000000e+01 1.047353438831442940e+00
3.700000000000000000e+01 1.070054885931797539e+00
3.800000000000000000e+01 1.148953830364050521e+00
3.900000000000000000e+01 1.227852774796303503e+00
4.000000000000000000e+01 1.286472600342976280e+00
4.100000000000000000e+01 1.162580355919430097e+00
4.200000000000000000e+01 1.038688111495883915e+00
4.300000000000000000e+01 9.274632801232273183e-01
4.400000000000000000e+01 9.302451662085750028e-01
4.500000000000000000e+01 9.330270522939227984e-01
4.600000000000000000e+01 9.275284044219410662e-01
4.700000000000000000e+01 8.475049509339962484e-01
4.800000000000000000e+01 7.674814974460513195e-01
4.900000000000000000e+01 7.148218183281407345e-01
5.000000000000000000e+01 9.084361085405340264e-01
5.100000000000000000e+01 1.102050398752927318e+00
5.200000000000000000e+01 1.270864310477767933e+00
5.300000000000000000e+01 1.216474815814639232e+00
5.400000000000000000e+01 1.162085321151510531e+00
5.500000000000000000e+01 1.107695826488381829e+00
5.600000000000000000e+01 1.049971131150118087e+00
5.700000000000000000e+01 9.622296297356384143e-01
5.800000000000000000e+01 8.744881283211587419e-01
5.900000000000000000e+01 7.963792861536540535e-01
6.000000000000000000e+01 8.049643772089226657e-01
6.100000000000000000e+01 8.135494682641913888e-01
6.200000000000000000e+01 8.179357195057667118e-01
6.300000000000000000e+01 7.845324124241025432e-01
6.400000000000000000e+01 7.511291053424385966e-01
6.500000000000000000e+01 7.110422145198863619e-01
6.600000000000000000e+01 6.108030700293375359e-01
6.700000000000000000e+01 5.105639255387885989e-01
6.800000000000000000e+01 4.103247810482396618e-01
6.900000000000000000e+01 3.162060054523943564e-01
7.000000000000000000e+01 2.771705499088848446e-01
7.100000000000000000e+01 2.381350943653753605e-01
7.200000000000000000e+01 2.063885459103328157e-01
7.300000000000000000e+01 2.402421612514970273e-01
7.400000000000000000e+01 2.740957765926612666e-01
7.500000000000000000e+01 3.138411053523104122e-01
7.600000000000000000e+01 4.066118548783270170e-01
7.700000000000000000e+01 4.993826044043436774e-01
7.800000000000000000e+01 5.921533539303602822e-01
7.900000000000000000e+01 6.901798439615961511e-01
8.000000000000000000e+01 8.355079985398076170e-01
8.100000000000000000e+01 9.808361531180190829e-01
8.200000000000000000e+01 1.149105776207447249e+00
8.300000000000000000e+01 1.523848615897837711e+00
8.400000000000000000e+01 1.873775657256450788e+00
8.500000000000000000e+01 2.000360513629054093e+00
8.600000000000000000e+01 2.126945370001657398e+00
8.700000000000000000e+01 2.253530226374260703e+00
8.800000000000000000e+01 2.341993419538326737e+00
8.900000000000000000e+01 2.087361643825538238e+00
9.000000000000000000e+01 1.832729868112749738e+00
9.100000000000000000e+01 1.592500875114535308e+00
9.200000000000000000e+01 1.481896926547496163e+00
9.300000000000000000e+01 1.371292977980456795e+00
9.400000000000000000e+01 1.291586008165526600e+00
9.500000000000000000e+01 1.489951847119595385e+00
9.600000000000000000e+01 1.688317686073663948e+00
9.700000000000000000e+01 1.827687801529623179e+00
9.800000000000000000e+01 1.436096405502564011e+00
9.900000000000000000e+01 1.091602002001350602e+00
1.000000000000000000e+02 1.170980531232776789e+00
1.010000000000000000e+02 1.250359060464202976e+00
1.020000000000000000e+02 1.284559267126884841e+00
1.030000000000000000e+02 9.121545706708429346e-01
1.040000000000000000e+02 5.783542685960504359e-01
1.050000000000000000e+02 5.919935159525250290e-01
1.060000000000000000e+02 6.056327633089997331e-01
1.070000000000000000e+02 6.111130217862097425e-01
1.080000000000000000e+02 5.431623803500338354e-01
1.090000000000000000e+02 4.752117389138579284e-01
1.100000000000000000e+02 4.072610974776820214e-01
1.110000000000000000e+02 3.437821815941443648e-01
1.120000000000000000e+02 3.205487956843533492e-01
1.130000000000000000e+02 2.973154097745622781e-01
1.140000000000000000e+02 2.740820238647712626e-01
1.150000000000000000e+02 2.526710994864839743e-01
1.160000000000000000e+02 2.476623288917314814e-01
1.170000000000000000e+02 2.426535582969789884e-01
1.180000000000000000e+02 2.376447877022265232e-01
1.190000000000000000e+02 2.326360171074740302e-01
1.200000000000000000e+02 2.276272465127215372e-01
