0.000000000000000000e+00 1.394228989533432639e+01
1.000000000000000000e+00 1.424906546904474958e+01
2.000000000000000000e+00 1.455584104275517277e+01
3.000000000000000000e+00 1.486261661646559595e+01
4.000000000000000000e+00 1.516939219017601914e+01
5.000000000000000000e+00 1.547616776388644233e+01
6.000000000000000000e+00 1.578294333759686552e+01
7.000000000000000000e+00 1.608971891130729048e+01
8.000000000000000000e+00 1.639649448501771190e+01
9.000000000000000000e+00 1.670327005872813686e+01
1.000000000000000000e+01 1.701004563243855827e+01
1.100000000000000000e+01 1.731682120614898324e+01
1.200000000000000000e+01 1.762359677985940465e+01
1.300000000000000000e+01 1.787767966190241609e+01
1.400000000000000000e+01 1.765752831893869867e+01
1.500000000000000000e+01 1.743737697597498482e+01
1.600000000000000000e+01 1.721722563301126740e+01
1.700000000000000000e+01 1.699707429004754999e+01
1.800000000000000000e+01 1.677692294708383258e+01
1.900000000000000000e+01 1.655677160412011872e+01
2.000000000000000000e+01 1.633662026115640131e+01
2.100000000000000000e+01 1.611646891819268390e+01
2.200000000000000000e+01 1.589631757522896827e+01
2.300000000000000000e+01 1.567616623226525263e+01
2.400000000000000000e+01 1.543331329836581389e+01
2.500000000000000000e+01 1.498614604604487077e+01
2.600000000000000000e+01 1.453897879372392765e+01
2.700000000000000000e+01 1.409181154140298631e+01
2.800000000000000000e+01 1.364464428908204319e+01
2.900000000000000000e+01 1.319747703676110007e+01
3.000000000000000000e+01 1.275030978444015872e+01
3.100000000000000000e+01 1.230314253211921560e+01
3.200000000000000000e+01 1.185597527979827248e+01
3.300000000000000000e+01 1.140880802747733114e+01
3.400000000000000000e+01 1.096164077515638802e+01
3.500000000000000000e+01 1.051447352283544490e+01
3.600000000000000000e+01 1.006210298201268394e+01
3.700000000000000000e+01 9.562902844673560665e+00
3.800000000000000000e+01 9.063702707334437392e+00
3.900000000000000000e+01 8.564502569995312342e+00
4.000000000000000000e+01 8.065302432656189069e+00
4.100000000000000000e+01 7.566102295317065796e+00
4.200000000000000000e+01 7.066902157977941634e+00
4.300000000000000000e+01 6.567702020638817473e+00
4.400000000000000000e+01 6.068501883299694200e+00
4.500000000000000000e+01 5.569301745960570038e+00
4.600000000000000000e+01 5.119579791237723221e+00
4.700000000000000000e+01 5.115161480061362731e+00
4.800000000000000000e+01 5.110743168885002241e+00
4.900000000000000000e+01 5.106324857708641751e+00
5.000000000000000000e+01 5.101906546532281261e+00
5.100000000000000000e+01 5.097488235355920771e+00
5.200000000000000000e+01 5.093069924179560282e+00
5.300000000000000000e+01 5.113325961609249681e+00
5.400000000000000000e+01 5.355651136493390752e+00
5.500000000000000000e+01 5.597976311377530934e+00
5.600000000000000000e+01 5.840301486261672004e+00
5.700000000000000000e+01 6.082626661145813074e+00
5.800000000000000000e+01 6.324951836029953256e+00
5.900000000000000000e+01 6.567277010914094326e+00
6.000000000000000000e+01 6.809602185798235396e+00
6.100000000000000000e+01 7.051927360682375578e+00
6.200000000000000000e+01 7.294252535566516649e+00
6.300000000000000000e+01 7.515748814974753778e+00
6.400000000000000000e+01 7.549785035099861652e+00
6.500000000000000000e+01 7.583821255224968638e+00
6.600000000000000000e+01 7.617857475350076513e+00
6.700000000000000000e+01 7.651893695475183499e+00
6.800000000000000000e+01 7.685929915600291373e+00
6.900000000000000000e+01 7.719966135725398360e+00
7.000000000000000000e+01 7.754002355850506234e+00
7.100000000000000000e+01 7.788038575975614108e+00
7.200000000000000000e+01 7.946298803153189816e+00
7.300000000000000000e+01 9.222575093803053292e+00
7.400000000000000000e+01 1.049885138445291766e+01
7.500000000000000000e+01 1.177512767510278202e+01
7.600000000000000000e+01 1.305140396575264639e+01
7.700000000000000000e+01 1.432768025640251075e+01
7.800000000000000000e+01 1.560395654705237511e+01
7.900000000000000000e+01 1.688023283770223770e+01
8.000000000000000000e+01 1.814223405874936290e+01
8.100000000000000000e+01 1.927575965337183561e+01
8.200000000000000000e+01 2.040928524799430832e+01
8.300000000000000000e+01 2.154281084261677748e+01
8.400000000000000000e+01 2.267633643723925019e+01
8.500000000000000000e+01 2.380986203186171934e+01
8.600000000000000000e+01 2.494338762648419205e+01
8.700000000000000000e+01 2.607691322110666476e+01
8.800000000000000000e+01 2.721043881572913392e+01
8.900000000000000000e+01 2.834396441035160663e+01
9.000000000000000000e+01 2.947749000497407934e+01
9.100000000000000000e+01 3.047135914845094717e+01
9.200000000000000000e+01 3.020832023161730362e+01
9.300000000000000000e+01 2.994528131478365651e+01
9.400000000000000000e+01 2.968224239795001296e+01
9.500000000000000000e+01 2.941920348111636940e+01
9.600000000000000000e+01 2.915616456428272230e+01
9.700000000000000000e+01 2.889312564744907874e+01
9.800000000000000000e+01 2.863008673061543519e+01
9.900000000000000000e+01 2.836704781378179163e+01
1.000000000000000000e+02 2.810400889694814452e+01
1.010000000000000000e+02 2.784096998011450097e+01
1.020000000000000000e+02 2.748149123506659564e+01
1.030000000000000000e+02 2.625405403609029520e+01
1.040000000000000000e+02 2.502661683711399121e+01
1.050000000000000000e+02 2.379917963813769077e+01
1.060000000000000000e+02 2.257174243916139034e+01
1.070000000000000000e+02 2.134430524018508635e+01
1.080000000000000000e+02 2.011686804120878236e+01
1.090000000000000000e+02 1.888943084223248192e+01
1.100000000000000000e+02 1.766199364325618149e+01
1.110000000000000000e+02 1.643455644427987750e+01
1.120000000000000000e+02 1.520711924530357706e+01
1.130000000000000000e+02 1.397968204632727485e+01
1.140000000000000000e+02 1.275224484735097263e+01
1.150000000000000000e+02 1.152480764837467220e+01
1.160000000000000000e+02 1.029737044939836821e+01
1.170000000000000000e+02 9.069933250422067772e+00
1.180000000000000000e+02 7.842496051445763783e+00
1.190000000000000000e+02 6.615058852469463346e+00
1.200000000000000000e+02 5.387621653493159357e+00
