0.000000000000000000e+00 -1.642564431707463690e+00
1.000000000000000000e+00 -9.071215619684882547e-01
2.000000000000000000e+00 -1.716786922295128193e-01
3.000000000000000000e+00 5.637641775094623942e-01
4.000000000000000000e+00 1.299207047248437386e+00
5.000000000000000000e+00 2.034649916987412599e+00
6.000000000000000000e+00 2.770092786726388034e+00
7.000000000000000000e+00 3.505535656465363470e+00
8.000000000000000000e+00 4.240978526204338905e+00
9.000000000000000000e+00 4.979029967662200740e+00
1.000000000000000000e+01 5.740558554590042384e+00
1.100000000000000000e+01 6.502087141517884916e+00
1.200000000000000000e+01 7.263615728445726560e+00
1.300000000000000000e+01 8.025144315373568205e+00
1.400000000000000000e+01 8.700952584424777925e+00
1.500000000000000000e+01 8.605277992586287894e+00
1.600000000000000000e+01 8.509603400747797863e+00
1.700000000000000000e+01 8.413928808909307833e+00
1.800000000000000000e+01 8.318254217070817802e+00
1.900000000000000000e+01 8.216449006890844231e+00
2.000000000000000000e+01 8.059468231637520574e+00
2.100000000000000000e+01 7.902487456384196030e+00
2.200000000000000000e+01 7.745506681130871485e+00
2.300000000000000000e+01 7.625985900792507266e+00
2.400000000000000000e+01 7.843605074688772660e+00
2.500000000000000000e+01 8.061224248585038055e+00
2.600000000000000000e+01 8.278843422481303449e+00
2.700000000000000000e+01 8.496462596377568843e+00
2.800000000000000000e+01 8.620967066167118276e+00
2.900000000000000000e+01 7.907439198996247143e+00
3.000000000000000000e+01 7.193911331825376010e+00
3.100000000000000000e+01 6.499379751480574008e+00
3.200000000000000000e+01 5.975814752570387967e+00
3.300000000000000000e+01 5.452249753660202813e+00
3.400000000000000000e+01 4.928684754750017660e+00
3.500000000000000000e+01 4.386765262487606343e+00
3.600000000000000000e+01 3.679655330055162210e+00
3.700000000000000000e+01 2.972545397622718522e+00
3.800000000000000000e+01 2.307614743243123989e+00
3.900000000000000000e+01 2.022297591339162981e+00
4.000000000000000000e+01 1.736980439435201973e+00
4.100000000000000000e+01 1.451663287531241409e+00
4.200000000000000000e+01 1.176826339074742878e+00
4.300000000000000000e+01 9.963112216454049763e-01
4.400000000000000000e+01 8.157961042160670750e-01
4.500000000000000000e+01 6.459166061355842148e-01
4.600000000000000000e+01 5.717576821947963905e-01
4.700000000000000000e+01 4.975987582540084553e-01
4.800000000000000000e+01 4.258528165323891557e-01
4.900000000000000000e+01 3.758237147832866332e-01
5.000000000000000000e+01 3.257946130341841107e-01
5.100000000000000000e+01 2.757655112850815327e-01
5.200000000000000000e+01 2.299410437441885280e-01
5.300000000000000000e+01 2.219582840771806564e-01
5.400000000000000000e+01 2.139755244101728127e-01
5.500000000000000000e+01 2.052913099991053869e-01
5.600000000000000000e+01 1.902940028915019455e-01
5.700000000000000000e+01 1.752966957838985040e-01
5.800000000000000000e+01 1.629532356720244379e-01
5.900000000000000000e+01 1.744943985217141946e-01
6.000000000000000000e+01 1.860355613714039513e-01
6.100000000000000000e+01 1.975767242210937080e-01
6.200000000000000000e+01 2.146265947873411961e-01
6.300000000000000000e+01 2.812548348026072675e-01
6.400000000000000000e+01 3.478830748178729504e-01
6.500000000000000000e+01 4.098780678403078359e-01
6.600000000000000000e+01 4.301738379272593837e-01
6.700000000000000000e+01 4.504696080142108761e-01
6.800000000000000000e+01 4.622022662461361397e-01
6.900000000000000000e+01 3.968669177828202943e-01
7.000000000000000000e+01 3.315315693195044489e-01
7.100000000000000000e+01 2.756020357405808419e-01
7.200000000000000000e+01 3.043248361211932651e-01
7.300000000000000000e+01 3.330476365018056328e-01
7.400000000000000000e+01 3.571536094467085976e-01
7.500000000000000000e+01 3.397081354702241596e-01
7.600000000000000000e+01 3.248162487582715863e-01
7.700000000000000000e+01 3.329066474271071829e-01
7.800000000000000000e+01 3.409970460959427796e-01
7.900000000000000000e+01 3.438526149328876569e-01
8.000000000000000000e+01 2.995947152828132842e-01
8.100000000000000000e+01 2.553368156327388561e-01
8.200000000000000000e+01 2.132024651067146725e-01
8.300000000000000000e+01 1.901800566971434681e-01
8.400000000000000000e+01 1.671576482875722913e-01
8.500000000000000000e+01 1.490894743490933649e-01
8.600000000000000000e+01 1.756094106504477170e-01
8.700000000000000000e+01 2.021293469518020969e-01
8.800000000000000000e+01 2.208837665166292485e-01
8.900000000000000000e+01 1.697485354527070722e-01
9.000000000000000000e+01 1.306902508797175289e-01
9.100000000000000000e+01 2.003244847251282601e-01
9.200000000000000000e+01 2.699587185705390469e-01
9.300000000000000000e+01 3.395929524159497781e-01
9.400000000000000000e+01 4.054750495809465449e-01
9.500000000000000000e+01 4.375879166222151340e-01
9.600000000000000000e+01 4.697007836634837230e-01
9.700000000000000000e+01 5.018136507047523676e-01
9.800000000000000000e+01 5.339265177460208456e-01
9.900000000000000000e+01 5.660393847872895456e-01
1.000000000000000000e+02 6.010562378618530266e-01
1.010000000000000000e+02 6.622089652360728662e-01
1.020000000000000000e+02 7.233616926102927058e-01
1.030000000000000000e+02 7.845144199845125454e-01
1.040000000000000000e+02 8.456671473587322740e-01
1.050000000000000000e+02 9.068198747329521137e-01
1.060000000000000000e+02 9.679726021071719533e-01
1.070000000000000000e+02 1.051783164475062593e+00
1.080000000000000000e+02 1.339514241786003312e+00
1.090000000000000000e+02 1.627245319096943810e+00
1.100000000000000000e+02 1.914976396407884529e+00
1.110000000000000000e+02 2.202707473718825248e+00
1.120000000000000000e+02 2.490438551029765968e+00
1.130000000000000000e+02 2.772789687888175703e+00
1.140000000000000000e+02 3.006721360673807464e+00
1.150000000000000000e+02 3.240653033459439225e+00
1.160000000000000000e+02 3.474584706245070986e+00
1.170000000000000000e+02 3.708516379030702304e+00
1.180000000000000000e+02 3.942448051816334065e+00
1.190000000000000000e+02 4.176379724601965826e+00
1.200000000000000000e+02 4.410311397387597587e+00
