0.000000000000000000e+00 0.000000000000000000e+00
1.000000000000000000e+00 1.656417942960517198e-01
2.000000000000000000e+00 7.321769748368700537e-02
3.000000000000000000e+00 2.091621883146147290e-02
4.000000000000000000e+00 2.806866023573963143e-02
5.000000000000000000e+00 1.011814050380143160e-01
6.000000000000000000e+00 2.310568308058466025e-01
7.000000000000000000e+00 3.936168322670030584e-01
8.000000000000000000e+00 5.545781314241809978e-01
9.000000000000000000e+00 6.771463182819364990e-01
1.000000000000000000e+01 7.310371060213869399e-01
1.100000000000000000e+01 7.006361084694645580e-01
1.200000000000000000e+01 5.901361067706675234e-01
1.300000000000000000e+01 4.240825725693400106e-01
1.400000000000000000e+01 2.428079283469534999e-01
1.500000000000000000e+01 9.350679142545666178e-02
1.600000000000000000e+01 1.888462662604703524e-02
1.700000000000000000e+01 4.608613204816126852e-02
1.800000000000000000e+01 1.787445266866718174e-01
1.900000000000000000e+01 3.944053441358864598e-01
2.000000000000000000e+01 6.483673640408588179e-01
2.100000000000000000e+01 8.834174367908660397e-01
2.200000000000000000e+01 1.043394799105274773e+00
2.300000000000000000e+01 1.087403232808124232e+00
2.400000000000000000e+01 1.001112126383386425e+00
2.500000000000000000e+01 8.020954578411042535e-01
2.600000000000000000e+01 5.374769754899010321e-01
2.700000000000000000e+01 2.739928493205723847e-01
2.800000000000000000e+01 8.251015113313307781e-02
2.900000000000000000e+01 2.056352944902939753e-02
3.000000000000000000e+01 1.171815021745582497e-01
3.100000000000000000e+01 3.639414532756212184e-01
3.200000000000000000e+01 7.148458914673605502e-01
3.300000000000000000e+01 1.095539093043865764e+00
3.400000000000000000e+01 1.420070126320964077e+00
3.500000000000000000e+01 1.611428091084559311e+00
3.600000000000000000e+01 1.620944315008203684e+00
3.700000000000000000e+01 1.441699633967426619e+00
3.800000000000000000e+01 1.112335923225015621e+00
3.900000000000000000e+01 7.098872333417370895e-01
4.000000000000000000e+01 3.329025683187761264e-01
4.100000000000000000e+01 7.858277302575782108e-02
4.200000000000000000e+01 1.927779814929328484e-02
4.300000000000000000e+01 1.840516423681997915e-01
4.400000000000000000e+01 5.499854703827800062e-01
4.500000000000000000e+01 1.045665286370742297e+00
4.600000000000000000e+01 1.566403492431750477e+00
4.700000000000000000e+01 1.997871845770479826e+00
4.800000000000000000e+01 2.242688404459605600e+00
4.900000000000000000e+01 2.243649647449638795e+00
5.000000000000000000e+01 1.997971202449617900e+00
5.100000000000000000e+01 1.558962768940670429e+00
5.200000000000000000e+01 1.024532914827378516e+00
5.300000000000000000e+01 5.150814853633595147e-01
5.400000000000000000e+01 1.459168894664628624e-01
5.500000000000000000e+01 6.925997111873469832e-04
5.600000000000000000e+01 1.121483167993722330e-01
5.700000000000000000e+01 4.547082135177021867e-01
5.800000000000000000e+01 9.506510230100183589e-01
5.900000000000000000e+01 1.488318698540429530e+00
6.000000000000000000e+01 1.947967929466165593e+00
6.100000000000000000e+01 2.229090596059076113e+00
6.200000000000000000e+01 2.272762045729717961e+00
6.300000000000000000e+01 2.073869298230893499e+00
6.400000000000000000e+01 1.680587446090707759e+00
6.500000000000000000e+01 1.181575550746380987e+00
6.600000000000000000e+01 6.842816858682639891e-01
6.700000000000000000e+01 2.897688336664510644e-01
6.800000000000000000e+01 7.012491039231524836e-02
6.900000000000000000e+01 5.367886173861331073e-02
7.000000000000000000e+01 2.211627776256158695e-01
7.100000000000000000e+01 5.131914967678463668e-01
7.200000000000000000e+01 8.466844628321343880e-01
7.300000000000000000e+01 1.135808734522662400e+00
7.400000000000000000e+01 1.312156196349231196e+00
7.500000000000000000e+01 1.339346784759298137e+00
7.600000000000000000e+01 1.218892482281405121e+00
7.700000000000000000e+01 9.864972954735850008e-01
7.800000000000000000e+01 7.003838258396636318e-01
7.900000000000000000e+01 4.251143358528802763e-01
8.000000000000000000e+01 2.152666005391971060e-01
8.100000000000000000e+01 1.030592085274668196e-01
8.200000000000000000e+01 9.273010346319884856e-02
8.300000000000000000e+01 1.625461277713471375e-01
8.400000000000000000e+01 2.732941569376870494e-01
8.500000000000000000e+01 3.805080833166586962e-01
8.600000000000000000e+01 4.469115149936805365e-01
8.700000000000000000e+01 4.517581649962506551e-01
8.800000000000000000e+01 3.948195347266098554e-01
8.900000000000000000e+01 2.943684956788144569e-01
9.000000000000000000e+01 1.801799784938671323e-01
9.100000000000000000e+01 8.386266735366523783e-02
9.200000000000000000e+01 2.942009681923778500e-02
9.300000000000000000e+01 2.669501633814728991e-02
9.400000000000000000e+01 6.938694478123848264e-02
9.500000000000000000e+01 1.379496797635551275e-01
9.600000000000000000e+01 2.062743372080687865e-01
9.700000000000000000e+01 2.500331726321068371e-01
9.800000000000000000e+01 2.541710441616059635e-01
9.900000000000000000e+01 2.173685443226684444e-01
1.000000000000000000e+02 1.522436042378345067e-01
1.010000000000000000e+02 8.132311630724242679e-02
1.020000000000000000e+02 3.003872349068437836e-02
1.030000000000000000e+02 1.883942732762056149e-02
1.040000000000000000e+02 5.674177661383895954e-02
1.050000000000000000e+02 1.382047221745990595e-01
1.060000000000000000e+02 2.442540787278437708e-01
1.070000000000000000e+02 3.475679748968265592e-01
1.080000000000000000e+02 4.201111899459286647e-01
1.090000000000000000e+02 4.411837315975508100e-01
1.100000000000000000e+02 4.036230338972958132e-01
1.110000000000000000e+02 3.163987890654919033e-01
1.120000000000000000e+02 2.028222019084816308e-01
1.130000000000000000e+02 9.478518499622634597e-02
1.140000000000000000e+02 2.452393122523282079e-02
1.150000000000000000e+02 1.607513187541246419e-02
1.160000000000000000e+02 7.868469656880648644e-02
1.170000000000000000e+02 2.039196349111535300e-01
1.180000000000000000e+02 3.672657232040533737e-01
1.190000000000000000e+02 5.338279669645116243e-01
1.200000000000000000e+02 6.666962211389777515e-01
