0.000000000000000000e+00 2.217864474704661359e-01
1.000000000000000000e+00 2.108937266909452213e-01
2.000000000000000000e+00 2.000010059114243066e-01
3.000000000000000000e+00 1.842173436184413593e-01
4.000000000000000000e+00 1.244152077043001597e-01
5.000000000000000000e+00 7.218427496582975611e-02
6.000000000000000000e+00 8.809417080839687664e-02
7.000000000000000000e+00 1.040040666509639972e-01
8.000000000000000000e+00 1.165945825700147737e-01
9.000000000000000000e+00 9.931067917741821793e-02
1.000000000000000000e+01 8.202677578482164833e-02
1.100000000000000000e+01 6.550053152280735369e-02
1.200000000000000000e+01 5.579321943603336026e-02
1.300000000000000000e+01 4.608590734925935989e-02
1.400000000000000000e+01 3.637859526248536646e-02
1.500000000000000000e+01 2.667128317571136609e-02
1.600000000000000000e+01 1.970596903009536049e-02
1.700000000000000000e+01 3.741863635490105117e-02
1.800000000000000000e+01 5.657274060415869860e-02
1.900000000000000000e+01 8.869977717348369317e-02
2.000000000000000000e+01 1.208268137428086808e-01
2.100000000000000000e+01 1.508596200796182563e-01
2.200000000000000000e+01 1.620443543237892470e-01
2.300000000000000000e+01 1.732290885679602377e-01
2.400000000000000000e+01 1.803235608841847748e-01
2.500000000000000000e+01 1.506056758488919234e-01
2.600000000000000000e+01 1.208877908135990720e-01
2.700000000000000000e+01 9.440590856376213091e-02
2.800000000000000000e+01 9.704805138302802225e-02
2.900000000000000000e+01 9.813260333119237788e-02
3.000000000000000000e+01 8.519883743944328680e-02
3.100000000000000000e+01 7.272792389715652950e-02
3.200000000000000000e+01 6.442268150003074845e-02
3.300000000000000000e+01 5.611743910290498821e-02
3.400000000000000000e+01 5.049596298612094719e-02
3.500000000000000000e+01 6.902838339241204602e-02
3.600000000000000000e+01 8.756080379870313790e-02
3.700000000000000000e+01 1.060932242049942298e-01
3.800000000000000000e+01 1.296880846128874443e-01
3.900000000000000000e+01 1.988449050351988601e-01
4.000000000000000000e+01 2.680017254575103314e-01
4.100000000000000000e+01 3.207542067174106726e-01
4.200000000000000000e+01 2.258676355156136184e-01
4.300000000000000000e+01 1.385447879903557722e-01
4.400000000000000000e+01 1.192954535539499095e-01
4.500000000000000000e+01 1.016279391098159623e-01
4.600000000000000000e+01 9.819680459612896428e-02
4.700000000000000000e+01 9.476567008244198009e-02
4.800000000000000000e+01 9.029086164620159227e-02
4.900000000000000000e+01 7.642298790698071054e-02
5.000000000000000000e+01 6.350888600660879735e-02
5.100000000000000000e+01 5.917873065587750392e-02
5.200000000000000000e+01 5.484857530514621743e-02
5.300000000000000000e+01 5.154496928515917703e-02
5.400000000000000000e+01 5.748030724187024737e-02
5.500000000000000000e+01 6.341564519858131077e-02
5.600000000000000000e+01 7.126208572681570763e-02
5.700000000000000000e+01 9.630844939875987665e-02
5.800000000000000000e+01 1.213548130707040318e-01
5.900000000000000000e+01 1.455845749112678333e-01
6.000000000000000000e+01 1.624649202694085082e-01
6.100000000000000000e+01 1.793452656275492108e-01
6.200000000000000000e+01 2.064793639696898830e-01
6.300000000000000000e+01 3.258972391678290892e-01
6.400000000000000000e+01 4.578486189383386140e-01
6.500000000000000000e+01 7.026015398601958006e-01
6.600000000000000000e+01 9.646287709998996318e-01
6.700000000000000000e+01 1.382124794100233700e+00
6.800000000000000000e+01 1.744997103955242324e+00
6.900000000000000000e+01 1.616255994602292523e+00
7.000000000000000000e+01 1.467191800171229410e+00
7.100000000000000000e+01 1.135219840037135164e+00
7.200000000000000000e+01 8.111627756302264292e-01
7.300000000000000000e+01 5.583397727679950684e-01
7.400000000000000000e+01 3.243958854271077330e-01
7.500000000000000000e+01 2.603640377783264515e-01
7.600000000000000000e+01 1.963321901295451144e-01
7.700000000000000000e+01 1.349939042762855756e-01
7.800000000000000000e+01 9.789767458272344292e-02
7.900000000000000000e+01 6.531542094699338552e-02
8.000000000000000000e+01 7.335895183175464296e-02
8.100000000000000000e+01 8.301447874205102051e-02
8.200000000000000000e+01 1.071779698821642285e-01
8.300000000000000000e+01 1.313414610222774226e-01
8.400000000000000000e+01 1.699499140136677966e-01
8.500000000000000000e+01 3.385630236665606585e-01
8.600000000000000000e+01 5.168531082186982317e-01
8.700000000000000000e+01 7.822359668640432862e-01
8.800000000000000000e+01 1.061390026278931975e+00
8.900000000000000000e+01 1.464484892619721368e+00
9.000000000000000000e+01 1.808405673058803842e+00
9.100000000000000000e+01 1.619759680382491185e+00
9.200000000000000000e+01 1.445309799180722443e+00
9.300000000000000000e+01 1.398624921249857822e+00
9.400000000000000000e+01 1.351940043318993201e+00
9.500000000000000000e+01 1.291144299324465505e+00
9.600000000000000000e+01 1.103350760756961257e+00
9.700000000000000000e+01 9.139417735208446025e-01
9.800000000000000000e+01 7.099937482672152855e-01
9.900000000000000000e+01 5.218574337552105424e-01
1.000000000000000000e+02 4.760265159178352912e-01
1.010000000000000000e+02 4.301955980804599844e-01
1.020000000000000000e+02 3.851900277795110572e-01
1.030000000000000000e+02 3.476125853063997684e-01
1.040000000000000000e+02 3.102859562064714249e-01
1.050000000000000000e+02 2.752166474651899786e-01
1.060000000000000000e+02 2.401473387239084767e-01
1.070000000000000000e+02 2.050780299826270303e-01
1.080000000000000000e+02 1.700087212413455284e-01
1.090000000000000000e+02 1.349394125000640543e-01
1.100000000000000000e+02 9.987010375878258017e-02
1.110000000000000000e+02 8.103480763685896870e-02
1.120000000000000000e+02 2.083056250891651973e-01
1.130000000000000000e+02 3.355764425414714536e-01
1.140000000000000000e+02 4.628472599937776266e-01
1.150000000000000000e+02 6.318816691333916102e-01
1.160000000000000000e+02 1.176788403458799426e+00
1.170000000000000000e+02 1.621039171216591024e+00
1.180000000000000000e+02 1.159386239865776380e+00
1.190000000000000000e+02 6.977333085149617364e-01
1.200000000000000000e+02 2.360803771641470927e-01
