0.000000000000000000e+00 0.000000000000000000e+00
1.000000000000000000e+00 8.272642259596963976e-01
2.000000000000000000e+00 1.873075215574182995e+00
3.000000000000000000e+00 2.915620122666260805e+00
4.000000000000000000e+00 3.584264402853407638e+00
5.000000000000000000e+00 3.671758439497641024e+00
6.000000000000000000e+00 3.217648066201295620e+00
7.000000000000000000e+00 2.480169162422977358e+00
8.000000000000000000e+00 1.807690628864500493e+00
9.000000000000000000e+00 1.469788385352188920e+00
1.000000000000000000e+01 1.530159100346217160e+00
1.100000000000000000e+01 1.825929133248985536e+00
1.200000000000000000e+01 2.066543040574905454e+00
1.300000000000000000e+01 2.003994980807771054e+00
1.400000000000000000e+01 1.585636371974870285e+00
1.500000000000000000e+01 1.004202163829923000e+00
1.600000000000000000e+01 6.093020925096628293e-01
1.700000000000000000e+01 7.182295513217442640e-01
1.800000000000000000e+01 1.423791130656907322e+00
1.900000000000000000e+01 2.508257286619605342e+00
2.000000000000000000e+01 3.523578330630937394e+00
2.100000000000000000e+01 4.009518791023248596e+00
2.200000000000000000e+01 3.739546428549969548e+00
2.300000000000000000e+01 2.857425681639725656e+00
2.400000000000000000e+01 1.817575080233094997e+00
2.500000000000000000e+01 1.148398632212888959e+00
2.600000000000000000e+01 1.162878973225582868e+00
2.700000000000000000e+01 1.781594170927294218e+00
2.800000000000000000e+01 2.578915629816784794e+00
2.900000000000000000e+01 3.037474721470293293e+00
3.000000000000000000e+01 2.869360447856675655e+00
3.100000000000000000e+01 2.212443857699690319e+00
3.200000000000000000e+01 1.573561920549432669e+00
3.300000000000000000e+01 1.536447097051288679e+00
3.400000000000000000e+01 2.396961714250287478e+00
3.500000000000000000e+01 3.942369859465979953e+00
3.600000000000000000e+01 5.516812742368779610e+00
3.700000000000000000e+01 6.351152480851865789e+00
3.800000000000000000e+01 5.977934031356419098e+00
3.900000000000000000e+01 4.496659989351233122e+00
4.000000000000000000e+01 2.536480174692067990e+00
4.100000000000000000e+01 9.356207262674640646e-01
4.200000000000000000e+01 3.175443264127099097e-01
4.300000000000000000e+01 7.983570031690493396e-01
4.400000000000000000e+01 1.978318944493690834e+00
4.500000000000000000e+01 3.203982396882397055e+00
4.600000000000000000e+01 3.936488688124136104e+00
4.700000000000000000e+01 4.013016490660565871e+00
4.800000000000000000e+01 3.665154432273902252e+00
4.900000000000000000e+01 3.308199734568004313e+00
5.000000000000000000e+01 3.247077881775443320e+00
5.100000000000000000e+01 3.482138404224831341e+00
5.200000000000000000e+01 3.725661655748891743e+00
5.300000000000000000e+01 3.606862625134303890e+00
5.400000000000000000e+01 2.931032270083704816e+00
5.500000000000000000e+01 1.831505935030898424e+00
5.600000000000000000e+01 7.224506537826325125e-01
5.700000000000000000e+01 8.091500578080498829e-02
5.800000000000000000e+01 1.861893724428179686e-01
5.900000000000000000e+01 9.668949365806531748e-01
6.000000000000000000e+01 2.041557004591510793e+00
6.100000000000000000e+01 2.926581716992688431e+00
6.200000000000000000e+01 3.291411871909450060e+00
6.300000000000000000e+01 3.116879883008489838e+00
6.400000000000000000e+01 2.671112739578500150e+00
6.500000000000000000e+01 2.323241374363441469e+00
6.600000000000000000e+01 2.308035630087345691e+00
6.700000000000000000e+01 2.581772368630523840e+00
6.800000000000000000e+01 2.855643924567564440e+00
6.900000000000000000e+01 2.788193135421205060e+00
7.000000000000000000e+01 2.222332242157351256e+00
7.100000000000000000e+01 1.321442400939308204e+00
7.200000000000000000e+01 5.132251276943448071e-01
7.300000000000000000e+01 2.611772691937205848e-01
7.400000000000000000e+01 7.890443852397829305e-01
7.500000000000000000e+01 1.920671267528050619e+00
7.600000000000000000e+01 3.140259148335567740e+00
7.700000000000000000e+01 3.854357305959291935e+00
7.800000000000000000e+01 3.716300845401431463e+00
7.900000000000000000e+01 2.828249414125596495e+00
8.000000000000000000e+01 1.697234718713723556e+00
8.100000000000000000e+01 9.594086353310791182e-01
8.200000000000000000e+01 1.022955270506542114e+00
8.300000000000000000e+01 1.833459965775158240e+00
8.400000000000000000e+01 2.900428043409238210e+00
8.500000000000000000e+01 3.574571089802044188e+00
8.600000000000000000e+01 3.418928435869438065e+00
8.700000000000000000e+01 2.460454896820339687e+00
8.800000000000000000e+01 1.177440577937264976e+00
8.900000000000000000e+01 2.319288925739997342e-01
9.000000000000000000e+01 1.034978425115911649e-01
9.100000000000000000e+01 8.340879279218020859e-01
9.200000000000000000e+01 2.023448568304872186e+00
9.300000000000000000e+01 3.066459699136786732e+00
9.400000000000000000e+01 3.487413857369686898e+00
9.500000000000000000e+01 3.181126677818802317e+00
9.600000000000000000e+01 2.436667448595906116e+00
9.700000000000000000e+01 1.749783433785056186e+00
9.800000000000000000e+01 1.544331423864919728e+00
9.900000000000000000e+01 1.958351537016929766e+00
1.000000000000000000e+02 2.796891806334909525e+00
1.010000000000000000e+02 3.653526308027030822e+00
1.020000000000000000e+02 4.117765409156228351e+00
1.030000000000000000e+02 3.958693382080992418e+00
1.040000000000000000e+02 3.208074430399361798e+00
1.050000000000000000e+02 2.127620625083640693e+00
1.060000000000000000e+02 1.096628759731242075e+00
1.070000000000000000e+02 4.761117831539625200e-01
1.080000000000000000e+02 4.964280581256653724e-01
1.090000000000000000e+02 1.194088860599002100e+00
1.100000000000000000e+02 2.405102476883979268e+00
1.110000000000000000e+02 3.811254821770782453e+00
1.120000000000000000e+02 5.027864523201767355e+00
1.130000000000000000e+02 5.712445736987942446e+00
1.140000000000000000e+02 5.665042425812187865e+00
1.150000000000000000e+02 4.889206884904790940e+00
1.160000000000000000e+02 3.592535443489389468e+00
1.170000000000000000e+02 2.125405833573437153e+00
1.180000000000000000e+02 8.777780074244954100e-01
1.190000000000000000e+02 1.672712367930605792e-01
1.200000000000000000e+02 1.524512301741358933e-01
