0.000000000000000000e+00 4.163815540476720756e+00
1.000000000000000000e+00 3.805695384245777024e+00
2.000000000000000000e+00 3.447575228014833293e+00
3.000000000000000000e+00 3.089455071783889117e+00
4.000000000000000000e+00 2.731334915552944942e+00
5.000000000000000000e+00 2.373214759322000766e+00
6.000000000000000000e+00 2.015094603091057035e+00
7.000000000000000000e+00 1.656974446860112860e+00
8.000000000000000000e+00 1.330590560059069061e+00
9.000000000000000000e+00 1.289833098127129762e+00
1.000000000000000000e+01 1.268025404537814982e+00
1.100000000000000000e+01 1.416765626032121750e+00
1.200000000000000000e+01 1.565505847526428518e+00
1.300000000000000000e+01 1.714246069020735064e+00
1.400000000000000000e+01 1.862986290515041832e+00
1.500000000000000000e+01 1.991846664246190501e+00
1.600000000000000000e+01 1.941788408108915842e+00
1.700000000000000000e+01 1.877566034207658330e+00
1.800000000000000000e+01 1.685866600430557138e+00
1.900000000000000000e+01 1.494167166653455947e+00
2.000000000000000000e+01 1.302467732876354756e+00
2.100000000000000000e+01 1.110768299099253564e+00
2.200000000000000000e+01 9.890000568495936895e-01
2.300000000000000000e+01 1.496612538346896226e+00
2.400000000000000000e+01 2.004225019844199096e+00
2.500000000000000000e+01 2.511837501341501522e+00
2.600000000000000000e+01 3.019449982838803948e+00
2.700000000000000000e+01 3.447935174016050208e+00
2.800000000000000000e+01 3.164274752312805195e+00
2.900000000000000000e+01 2.881923087999778588e+00
3.000000000000000000e+01 2.611350240198721195e+00
3.100000000000000000e+01 2.340777392397663803e+00
3.200000000000000000e+01 2.138805406276612864e+00
3.300000000000000000e+01 2.554241175275615561e+00
3.400000000000000000e+01 2.969676944274618258e+00
3.500000000000000000e+01 3.385112713273620955e+00
3.600000000000000000e+01 3.849260011263130110e+00
3.700000000000000000e+01 4.751811070167190287e+00
3.800000000000000000e+01 5.654362129071250465e+00
3.900000000000000000e+01 6.493467643572979675e+00
4.000000000000000000e+01 6.761563258453745284e+00
4.100000000000000000e+01 7.029658873334510893e+00
4.200000000000000000e+01 7.297754488215276503e+00
4.300000000000000000e+01 7.565850103096043000e+00
4.400000000000000000e+01 7.833945717976808609e+00
4.500000000000000000e+01 8.102041332857574218e+00
4.600000000000000000e+01 8.370136947738339828e+00
4.700000000000000000e+01 8.638232562619105437e+00
4.800000000000000000e+01 8.906328177499871046e+00
4.900000000000000000e+01 9.174423792380636655e+00
5.000000000000000000e+01 9.442519407261402264e+00
5.100000000000000000e+01 9.719595483593195695e+00
5.200000000000000000e+01 1.007749571298424662e+01
5.300000000000000000e+01 1.043539594237529577e+01
5.400000000000000000e+01 1.083653319444674956e+01
5.500000000000000000e+01 1.162680365064180954e+01
5.600000000000000000e+01 1.241707410683687129e+01
5.700000000000000000e+01 1.320734456303193305e+01
5.800000000000000000e+01 1.399761501922699480e+01
5.900000000000000000e+01 1.478788547542205656e+01
6.000000000000000000e+01 1.557815593161711831e+01
6.100000000000000000e+01 1.636842638781217829e+01
6.200000000000000000e+01 1.715869684400724182e+01
6.300000000000000000e+01 1.794896730020230180e+01
6.400000000000000000e+01 1.860352928257340466e+01
6.500000000000000000e+01 1.803671500052883658e+01
6.600000000000000000e+01 1.746990071848426851e+01
6.700000000000000000e+01 1.699664065502026844e+01
6.800000000000000000e+01 1.736536855878142660e+01
6.900000000000000000e+01 1.773409646254258121e+01
7.000000000000000000e+01 1.810282436630373581e+01
7.100000000000000000e+01 1.847155227006489397e+01
7.200000000000000000e+01 1.884028017382604858e+01
7.300000000000000000e+01 1.920900807758720319e+01
7.400000000000000000e+01 1.957773598134836135e+01
7.500000000000000000e+01 1.994646388510951596e+01
7.600000000000000000e+01 2.031519178887067056e+01
7.700000000000000000e+01 2.068391969263182872e+01
7.800000000000000000e+01 2.105264759639298333e+01
7.900000000000000000e+01 2.134363801298584207e+01
8.000000000000000000e+01 2.093499104506397046e+01
8.100000000000000000e+01 2.052634407714209885e+01
8.200000000000000000e+01 2.011769710922022725e+01
8.300000000000000000e+01 1.970905014129835564e+01
8.400000000000000000e+01 1.930040317337648403e+01
8.500000000000000000e+01 1.889175620545461243e+01
8.600000000000000000e+01 1.848310923753274082e+01
8.700000000000000000e+01 1.807446226961086921e+01
8.800000000000000000e+01 1.766581530168899761e+01
8.900000000000000000e+01 1.725716833376712600e+01
9.000000000000000000e+01 1.684303945315970807e+01
9.100000000000000000e+01 1.637957335838236972e+01
9.200000000000000000e+01 1.591610726360503136e+01
9.300000000000000000e+01 1.545264116882769478e+01
9.400000000000000000e+01 1.498917507405035643e+01
9.500000000000000000e+01 1.452570897927301985e+01
9.600000000000000000e+01 1.406224288449568149e+01
9.700000000000000000e+01 1.359877678971834314e+01
9.800000000000000000e+01 1.313531069494100656e+01
9.900000000000000000e+01 1.267184460016366820e+01
1.000000000000000000e+02 1.220837850538633163e+01
1.010000000000000000e+02 1.174491241060899327e+01
1.020000000000000000e+02 1.128144631583165491e+01
1.030000000000000000e+02 1.081798022105431833e+01
1.040000000000000000e+02 1.035451412627697998e+01
1.050000000000000000e+02 9.893850932130298759e+00
1.060000000000000000e+02 9.458413843659524645e+00
1.070000000000000000e+02 9.022976755188750531e+00
1.080000000000000000e+02 8.587539666717976417e+00
1.090000000000000000e+02 8.152102578247202302e+00
1.100000000000000000e+02 7.716665489776429965e+00
1.110000000000000000e+02 7.281228401305655851e+00
1.120000000000000000e+02 6.845791312834881737e+00
1.130000000000000000e+02 6.491981940201000612e+00
1.140000000000000000e+02 6.872822010099200796e+00
1.150000000000000000e+02 7.253662079997400980e+00
1.160000000000000000e+02 7.634502149895601164e+00
1.170000000000000000e+02 8.015342219793801348e+00
1.180000000000000000e+02 8.396182289692001532e+00
1.190000000000000000e+02 8.777022359590201717e+00
1.200000000000000000e+02 9.157862429488401901e+00
