0.000000000000000000e+00 6.058948099397483134e-01
1.000000000000000000e+00 6.831760569666865957e-01
2.000000000000000000e+00 7.604573039936249890e-01
3.000000000000000000e+00 8.377385510205632713e-01
4.000000000000000000e+00 9.150197980475015536e-01
5.000000000000000000e+00 9.923010450744398359e-01
6.000000000000000000e+00 1.069582292101378229e+00
7.000000000000000000e+00 1.146863539128316400e+00
8.000000000000000000e+00 1.224144786155254794e+00
9.000000000000000000e+00 1.301426033182193187e+00
1.000000000000000000e+01 1.378707280209131358e+00
1.100000000000000000e+01 1.455988527236069752e+00
1.200000000000000000e+01 1.533269774263008145e+00
1.300000000000000000e+01 1.610551021289946316e+00
1.400000000000000000e+01 1.686169054205684192e+00
1.500000000000000000e+01 1.746818160120618746e+00
1.600000000000000000e+01 1.807467266035553299e+00
1.700000000000000000e+01 1.868116371950487853e+00
1.800000000000000000e+01 1.928765477865422184e+00
1.900000000000000000e+01 1.989414583780356738e+00
2.000000000000000000e+01 2.050063689695291291e+00
2.100000000000000000e+01 2.110712795610225623e+00
2.200000000000000000e+01 2.171361901525160398e+00
2.300000000000000000e+01 2.232011007440094730e+00
2.400000000000000000e+01 2.292660113355029061e+00
2.500000000000000000e+01 2.353309219269963393e+00
2.600000000000000000e+01 2.413958325184898168e+00
2.700000000000000000e+01 2.474607431099832500e+00
2.800000000000000000e+01 2.535256537014767275e+00
2.900000000000000000e+01 2.595923225243100596e+00
3.000000000000000000e+01 2.656748154292025710e+00
3.100000000000000000e+01 2.717573083340950824e+00
3.200000000000000000e+01 2.778398012389876381e+00
3.300000000000000000e+01 2.839222941438801495e+00
3.400000000000000000e+01 2.900047870487726609e+00
3.500000000000000000e+01 2.960872799536651723e+00
3.600000000000000000e+01 3.021697728585576836e+00
3.700000000000000000e+01 3.082522657634502394e+00
3.800000000000000000e+01 3.143347586683427508e+00
3.900000000000000000e+01 3.204172515732352622e+00
4.000000000000000000e+01 3.264997444781277736e+00
4.100000000000000000e+01 3.325822373830202849e+00
4.200000000000000000e+01 3.386647302879128407e+00
4.300000000000000000e+01 3.447472231928053521e+00
4.400000000000000000e+01 3.509702844774226893e+00
4.500000000000000000e+01 3.584584611795632814e+00
4.600000000000000000e+01 3.659466378817039178e+00
4.700000000000000000e+01 3.734348145838445543e+00
4.800000000000000000e+01 3.809229912859851463e+00
4.900000000000000000e+01 3.884111679881257828e+00
5.000000000000000000e+01 3.958993446902664193e+00
5.100000000000000000e+01 4.033875213924070557e+00
5.200000000000000000e+01 4.108756980945476478e+00
5.300000000000000000e+01 4.183638747966882399e+00
5.400000000000000000e+01 4.258520514988289207e+00
5.500000000000000000e+01 4.333402282009695128e+00
5.600000000000000000e+01 4.408284049031101048e+00
5.700000000000000000e+01 4.483165816052507857e+00
5.800000000000000000e+01 4.558047583073913778e+00
5.900000000000000000e+01 4.630679027686764648e+00
6.000000000000000000e+01 4.683057570622612964e+00
6.100000000000000000e+01 4.735436113558462168e+00
6.200000000000000000e+01 4.787814656494310483e+00
6.300000000000000000e+01 4.840193199430159687e+00
6.400000000000000000e+01 4.892571742366008003e+00
6.500000000000000000e+01 4.944950285301857207e+00
6.600000000000000000e+01 4.997328828237705522e+00
6.700000000000000000e+01 5.049707371173554726e+00
6.800000000000000000e+01 5.102085914109403930e+00
6.900000000000000000e+01 5.154464457045252246e+00
7.000000000000000000e+01 5.206842999981101450e+00
7.100000000000000000e+01 5.259221542916949765e+00
7.200000000000000000e+01 5.311600085852798969e+00
7.300000000000000000e+01 5.363978628788647285e+00
7.400000000000000000e+01 5.405290240185783190e+00
7.500000000000000000e+01 5.346999467734494971e+00
7.600000000000000000e+01 5.288708695283205863e+00
7.700000000000000000e+01 5.230417922831916755e+00
7.800000000000000000e+01 5.172127150380627647e+00
7.900000000000000000e+01 5.113836377929338539e+00
8.000000000000000000e+01 5.055545605478050319e+00
8.100000000000000000e+01 4.997254833026761212e+00
8.200000000000000000e+01 4.938964060575472104e+00
8.300000000000000000e+01 4.880673288124182996e+00
8.400000000000000000e+01 4.822382515672893888e+00
8.500000000000000000e+01 4.764091743221605668e+00
8.600000000000000000e+01 4.705800970770316560e+00
8.700000000000000000e+01 4.647510198319027452e+00
8.800000000000000000e+01 4.578248273245083766e+00
8.900000000000000000e+01 4.410245974567236438e+00
9.000000000000000000e+01 4.242243675889389998e+00
9.100000000000000000e+01 4.074241377211543558e+00
9.200000000000000000e+01 3.906239078533697118e+00
9.300000000000000000e+01 3.738236779855850234e+00
9.400000000000000000e+01 3.570234481178003350e+00
9.500000000000000000e+01 3.402232182500156910e+00
9.600000000000000000e+01 3.234229883822310470e+00
9.700000000000000000e+01 3.066227585144464030e+00
9.800000000000000000e+01 2.898225286466617145e+00
9.900000000000000000e+01 2.730222987788770261e+00
1.000000000000000000e+02 2.562220689110923821e+00
1.010000000000000000e+02 2.397755617225603153e+00
1.020000000000000000e+02 2.265125586473021091e+00
1.030000000000000000e+02 2.132495555720439029e+00
1.040000000000000000e+02 1.999865524967856523e+00
1.050000000000000000e+02 1.867235494215274461e+00
1.060000000000000000e+02 1.734605463462692176e+00
1.070000000000000000e+02 1.601975432710109892e+00
1.080000000000000000e+02 1.469345401957527830e+00
1.090000000000000000e+02 1.336715371204945546e+00
1.100000000000000000e+02 1.204085340452363262e+00
1.110000000000000000e+02 1.071455309699780978e+00
1.120000000000000000e+02 9.388252789471986937e-01
1.130000000000000000e+02 8.061952481946166316e-01
1.140000000000000000e+02 6.735652174420343474e-01
1.150000000000000000e+02 5.409351866894520633e-01
1.160000000000000000e+02 4.083051559368700012e-01
1.170000000000000000e+02 2.756751251842874950e-01
1.180000000000000000e+02 1.430450944317054329e-01
1.190000000000000000e+02 1.041506367912337083e-02
1.200000000000000000e+02 -1.222149670734591353e-01
