0.000000000000000000e+00 0.000000000000000000e+00
1.000000000000000000e+00 1.016802590805224282e+00
2.000000000000000000e+00 9.128229240038550074e-01
3.000000000000000000e+00 1.081136321148432167e+00
4.000000000000000000e+00 1.376415109397581382e+00
5.000000000000000000e+00 1.601699723412717713e+00
6.000000000000000000e+00 1.489316541429271057e+00
7.000000000000000000e+00 1.300348398771702385e+00
8.000000000000000000e+00 9.127583514121874186e-01
9.000000000000000000e+00 3.347755789981605723e-01
1.000000000000000000e+01 1.944176933934540275e+00
1.100000000000000000e+01 1.960988585892267766e+00
1.200000000000000000e+01 2.307837440958205200e+00
1.300000000000000000e+01 3.748761745095479991e+00
1.400000000000000000e+01 1.758557468538748836e+00
1.500000000000000000e+01 2.075789024280691120e+00
1.600000000000000000e+01 2.967434813156311524e+00
1.700000000000000000e+01 1.612178757187036959e+00
1.800000000000000000e+01 1.521980364581181133e+00
1.900000000000000000e+01 1.679306827386044532e+00
2.000000000000000000e+01 8.850789923207578180e-01
2.100000000000000000e+01 9.437286345434438006e-01
2.200000000000000000e+01 1.195483903930359748e+00
2.300000000000000000e+01 4.052078185659790388e-01
2.400000000000000000e+01 6.989673178153285038e-01
2.500000000000000000e+01 1.858604176316194900e+00
2.600000000000000000e+01 1.740082256498955982e+00
2.700000000000000000e+01 1.866895106452875819e+00
2.800000000000000000e+01 2.177011262452800189e+00
2.900000000000000000e+01 1.421040265198446395e+00
3.000000000000000000e+01 1.636085581595272398e+00
3.100000000000000000e+01 2.365255440362949102e+00
3.200000000000000000e+01 1.483488328598721706e+00
3.300000000000000000e+01 7.817061213541619535e-01
3.400000000000000000e+01 1.834157940874668880e+00
3.500000000000000000e+01 2.217926672014781442e+00
3.600000000000000000e+01 1.002344040440504402e+00
3.700000000000000000e+01 3.703560267671400230e-01
3.800000000000000000e+01 9.338669225789728578e-01
3.900000000000000000e+01 1.609685843741373690e+00
4.000000000000000000e+01 1.816126509765946917e+00
4.100000000000000000e+01 1.560348453982926431e+00
4.200000000000000000e+01 1.107329240771297574e+00
4.300000000000000000e+01 7.794710549054518767e-01
4.400000000000000000e+01 9.859582703972897821e-01
4.500000000000000000e+01 1.385124862187098849e+00
4.600000000000000000e+01 1.460596986760623439e+00
4.700000000000000000e+01 1.266769293049740952e+00
4.800000000000000000e+01 1.030458164562148005e+00
4.900000000000000000e+01 8.219767285624429709e-01
5.000000000000000000e+01 5.203247721356065725e-01
5.100000000000000000e+01 5.132893091791045359e-01
5.200000000000000000e+01 4.776893637833548589e-01
5.300000000000000000e+01 3.536945255893185758e-01
5.400000000000000000e+01 6.838976493633130982e-01
5.500000000000000000e+01 7.270464786765731269e-01
5.600000000000000000e+01 6.409379289127267176e-01
5.700000000000000000e+01 8.771142256360677791e-01
5.800000000000000000e+01 9.457320956156158864e-01
5.900000000000000000e+01 1.234828876624061600e+00
6.000000000000000000e+01 1.729588635809845343e+00
6.100000000000000000e+01 1.912305659187182316e+00
6.200000000000000000e+01 2.001276517698174828e+00
6.300000000000000000e+01 1.977523038008787815e+00
6.400000000000000000e+01 1.687446070676496879e+00
6.500000000000000000e+01 1.493279260238633110e+00
6.600000000000000000e+01 1.445458966388311062e+00
6.700000000000000000e+01 1.254372380073466964e+00
6.800000000000000000e+01 1.212415783199862762e+00
6.900000000000000000e+01 1.454207843174528225e+00
7.000000000000000000e+01 1.573595873746698626e+00
7.100000000000000000e+01 2.037485586066661192e+00
7.200000000000000000e+01 3.021397259843844996e+00
7.300000000000000000e+01 3.668737872698238256e+00
7.400000000000000000e+01 4.812825747162132295e+00
7.500000000000000000e+01 6.509105469964665325e+00
7.600000000000000000e+01 7.032471057143548698e+00
7.700000000000000000e+01 6.838388525897601156e+00
7.800000000000000000e+01 7.095548476384113457e+00
7.900000000000000000e+01 6.025813961834876942e+00
8.000000000000000000e+01 3.846460298850307158e+00
8.100000000000000000e+01 4.539536782311071939e+00
8.200000000000000000e+01 6.834326835668935729e+00
8.300000000000000000e+01 5.587880196266245214e+00
8.400000000000000000e+01 3.362999164130882956e+00
8.500000000000000000e+01 5.757317805987704595e+00
8.600000000000000000e+01 9.643264523092762275e+00
8.700000000000000000e+01 1.104778714029765574e+01
8.800000000000000000e+01 1.228381890270461341e+01
8.900000000000000000e+01 1.205051333764127008e+01
9.000000000000000000e+01 1.206369196194527227e+01
9.100000000000000000e+01 1.143805616017296067e+01
9.200000000000000000e+01 8.779080532207295562e+00
9.300000000000000000e+01 6.743159705257794734e+00
9.400000000000000000e+01 3.405587711519228122e+00
9.500000000000000000e+01 2.956397323412690348e+00
9.600000000000000000e+01 4.030819931905663900e+00
9.700000000000000000e+01 8.176881786269703412e+00
9.800000000000000000e+01 1.350953240657070076e+01
9.900000000000000000e+01 1.703788541976549809e+01
1.000000000000000000e+02 1.932304117859710146e+01
1.010000000000000000e+02 1.787806800439352273e+01
1.020000000000000000e+02 1.545110353342349185e+01
1.030000000000000000e+02 1.203296898294475170e+01
1.040000000000000000e+02 7.812735938688952331e+00
1.050000000000000000e+02 5.046946453872826588e+00
1.060000000000000000e+02 4.416567596671053586e+00
1.070000000000000000e+02 7.100841501558402769e+00
1.080000000000000000e+02 1.394091001528300744e+01
1.090000000000000000e+02 2.167139880167841781e+01
1.100000000000000000e+02 2.637519608784728220e+01
1.110000000000000000e+02 2.606262305105720500e+01
1.120000000000000000e+02 1.889140466642822958e+01
1.130000000000000000e+02 8.058292243994266357e+00
1.140000000000000000e+02 2.119224501027587415e+00
1.150000000000000000e+02 4.676899027272595433e+00
1.160000000000000000e+02 1.182486071528589910e+01
1.170000000000000000e+02 1.807177625322634640e+01
1.180000000000000000e+02 1.922403795871636234e+01
1.190000000000000000e+02 1.605505090567827153e+01
1.200000000000000000e+02 1.231857229878533566e+01
