0.000000000000000000e+00 2.802694297295470482e-01
1.000000000000000000e+00 2.265050096035234606e-01
2.000000000000000000e+00 1.727405894774998729e-01
3.000000000000000000e+00 1.189761693514763130e-01
4.000000000000000000e+00 7.213105416063846087e-02
5.000000000000000000e+00 8.755968338647214522e-02
6.000000000000000000e+00 1.029883126123058296e-01
7.000000000000000000e+00 1.261737130380726490e-01
8.000000000000000000e+00 2.191700542632380455e-01
9.000000000000000000e+00 3.097952378374095317e-01
1.000000000000000000e+01 3.790800025526357420e-01
1.100000000000000000e+01 4.359669415742756793e-01
1.200000000000000000e+01 3.812734493536384939e-01
1.300000000000000000e+01 3.235778918088364486e-01
1.400000000000000000e+01 2.388637463465509425e-01
1.500000000000000000e+01 1.579557388804341267e-01
1.600000000000000000e+01 1.113029733798357457e-01
1.700000000000000000e+01 7.200819227698464220e-02
1.800000000000000000e+01 9.893527075385745440e-02
1.900000000000000000e+01 1.258623492307302527e-01
2.000000000000000000e+01 1.463452303779407548e-01
2.100000000000000000e+01 1.088303355581914378e-01
2.200000000000000000e+01 7.371022778013083809e-02
2.300000000000000000e+01 6.014320337726834775e-02
2.400000000000000000e+01 4.657617897440585741e-02
2.500000000000000000e+01 3.755930597753899536e-02
2.600000000000000000e+01 6.949379563463217724e-02
2.700000000000000000e+01 1.014282852917253730e-01
2.800000000000000000e+01 1.346387018870494057e-01
2.900000000000000000e+01 1.793324609264506653e-01
3.000000000000000000e+01 2.181904495619116924e-01
3.100000000000000000e+01 2.045265045619116262e-01
3.200000000000000000e+01 2.003223627607823853e-01
3.300000000000000000e+01 2.812564497494889904e-01
3.400000000000000000e+01 3.615475590274518369e-01
3.500000000000000000e+01 4.360518689087207189e-01
3.600000000000000000e+01 5.335317782184604285e-01
3.700000000000000000e+01 8.377920823844348108e-01
3.800000000000000000e+01 1.131160793140248311e+00
3.900000000000000000e+01 1.326505163204616311e+00
4.000000000000000000e+01 1.474624320111733944e+00
4.100000000000000000e+01 1.197716558603606707e+00
4.200000000000000000e+01 9.300159862530199550e-01
4.300000000000000000e+01 7.451801163202961265e-01
4.400000000000000000e+01 5.655524120735798688e-01
4.500000000000000000e+01 4.327981990009322488e-01
4.600000000000000000e+01 3.046613846205310505e-01
4.700000000000000000e+01 2.180811584703476191e-01
4.800000000000000000e+01 1.369140602938169748e-01
4.900000000000000000e+01 1.044651138801606649e-01
5.000000000000000000e+01 7.437790822020567960e-02
5.100000000000000000e+01 6.554636934356229683e-02
5.200000000000000000e+01 5.777919220325285210e-02
5.300000000000000000e+01 5.959127068994867632e-02
5.400000000000000000e+01 6.254064112628350547e-02
5.500000000000000000e+01 7.572563910936920550e-02
5.600000000000000000e+01 8.946202108639064732e-02
5.700000000000000000e+01 1.081608590088337790e-01
5.800000000000000000e+01 1.231158929908894167e-01
5.900000000000000000e+01 1.043766915094582054e-01
6.000000000000000000e+01 8.563749002802700794e-02
6.100000000000000000e+01 6.851022245775537090e-02
6.200000000000000000e+01 6.589036008791980537e-02
6.300000000000000000e+01 6.327049771808423984e-02
6.400000000000000000e+01 6.228154430450477674e-02
6.500000000000000000e+01 7.597077149723104050e-02
6.600000000000000000e+01 8.965999868995731814e-02
6.700000000000000000e+01 1.033492258826835819e-01
6.800000000000000000e+01 1.204318597903094729e-01
6.900000000000000000e+01 1.680551541320338127e-01
7.000000000000000000e+01 2.210966629454428622e-01
7.100000000000000000e+01 3.229021020040174772e-01
7.200000000000000000e+01 4.138911291242055035e-01
7.300000000000000000e+01 4.075324487989082090e-01
7.400000000000000000e+01 3.945176336412855034e-01
7.500000000000000000e+01 3.215976049927298797e-01
7.600000000000000000e+01 2.506088922607427882e-01
7.700000000000000000e+01 1.970020227778737087e-01
7.800000000000000000e+01 1.433951532950045737e-01
7.900000000000000000e+01 8.978828381213546650e-02
8.000000000000000000e+01 4.115188265783011057e-02
8.100000000000000000e+01 3.724969646060125039e-02
8.200000000000000000e+01 3.334751026337239022e-02
8.300000000000000000e+01 3.245646044498153027e-02
8.400000000000000000e+01 5.866563803613433076e-02
8.500000000000000000e+01 8.592035767349938402e-02
8.600000000000000000e+01 1.225849557267752465e-01
8.700000000000000000e+01 1.548787165020970580e-01
8.800000000000000000e+01 1.478349417758296758e-01
8.900000000000000000e+01 1.394681381874243731e-01
9.000000000000000000e+01 1.191940748397768146e-01
9.100000000000000000e+01 1.000541125957408184e-01
9.200000000000000000e+01 9.112106028420968729e-02
9.300000000000000000e+01 8.218800797267855618e-02
9.400000000000000000e+01 7.644885200597703601e-02
9.500000000000000000e+01 9.945476314274398488e-02
9.600000000000000000e+01 1.224606742795109199e-01
9.700000000000000000e+01 1.477130544177963634e-01
9.800000000000000000e+01 1.931836555697496183e-01
9.900000000000000000e+01 2.368589549342041134e-01
1.000000000000000000e+02 2.643765382111689100e-01
1.010000000000000000e+02 2.918941214881337065e-01
1.020000000000000000e+02 3.281653346819702333e-01
1.030000000000000000e+02 4.432192171276577719e-01
1.040000000000000000e+02 5.530823052156369490e-01
1.050000000000000000e+02 6.162282440842374864e-01
1.060000000000000000e+02 6.677390129268869767e-01
1.070000000000000000e+02 6.145332515359706038e-01
1.080000000000000000e+02 5.613274901450542309e-01
1.090000000000000000e+02 5.048320993190889006e-01
1.100000000000000000e+02 4.187300435776795671e-01
1.110000000000000000e+02 3.326279878362702891e-01
1.120000000000000000e+02 2.559393673287078119e-01
1.130000000000000000e+02 2.639716639257715936e-01
1.140000000000000000e+02 2.720039605228353752e-01
1.150000000000000000e+02 2.800362571198992123e-01
1.160000000000000000e+02 2.880685537169629939e-01
1.170000000000000000e+02 2.961008503140267756e-01
1.180000000000000000e+02 3.041331469110906127e-01
1.190000000000000000e+02 3.121654435081543943e-01
1.200000000000000000e+02 3.201977401052182315e-01
