0.000000000000000000e+00 1.778766262661363395e+00
1.000000000000000000e+00 2.048506205647733225e+00
2.000000000000000000e+00 2.318246148634102610e+00
3.000000000000000000e+00 2.587986091620472440e+00
4.000000000000000000e+00 2.857726034606842269e+00
5.000000000000000000e+00 3.117292155162658673e+00
6.000000000000000000e+00 3.285293873843496026e+00
7.000000000000000000e+00 3.453295592524333824e+00
8.000000000000000000e+00 3.621297311205171177e+00
9.000000000000000000e+00 3.789299029886008974e+00
1.000000000000000000e+01 3.957300748566846327e+00
1.100000000000000000e+01 4.125302467247683680e+00
1.200000000000000000e+01 4.293304185928521477e+00
1.300000000000000000e+01 4.461305904609359274e+00
1.400000000000000000e+01 4.651369960588353614e+00
1.500000000000000000e+01 5.039995052250757723e+00
1.600000000000000000e+01 5.428620143913163609e+00
1.700000000000000000e+01 5.817245235575568607e+00
1.800000000000000000e+01 6.205870327237973605e+00
1.900000000000000000e+01 6.650193224961999938e+00
2.000000000000000000e+01 7.595796377240616515e+00
2.100000000000000000e+01 8.541399529519232203e+00
2.200000000000000000e+01 9.487002681797848780e+00
2.300000000000000000e+01 1.043260583407646536e+01
2.400000000000000000e+01 1.137820898635508193e+01
2.500000000000000000e+01 1.232381213863369851e+01
2.600000000000000000e+01 1.326941529091231509e+01
2.700000000000000000e+01 1.411003654025025966e+01
2.800000000000000000e+01 1.400582066312217755e+01
2.900000000000000000e+01 1.390160478599409366e+01
3.000000000000000000e+01 1.379738890886600977e+01
3.100000000000000000e+01 1.369317303173792766e+01
3.200000000000000000e+01 1.358895715460984377e+01
3.300000000000000000e+01 1.348474127748175988e+01
3.400000000000000000e+01 1.338052540035367777e+01
3.500000000000000000e+01 1.327630952322559388e+01
3.600000000000000000e+01 1.314405153275300542e+01
3.700000000000000000e+01 1.275941452217987937e+01
3.800000000000000000e+01 1.237477751160675332e+01
3.900000000000000000e+01 1.199014050103362727e+01
4.000000000000000000e+01 1.160550349046050123e+01
4.100000000000000000e+01 1.122086647988737518e+01
4.200000000000000000e+01 1.083622946931424913e+01
4.300000000000000000e+01 1.045159245874112308e+01
4.400000000000000000e+01 1.006695544816799526e+01
4.500000000000000000e+01 9.682318437594869209e+00
4.600000000000000000e+01 9.297681427021743161e+00
4.700000000000000000e+01 8.914481288598169684e+00
4.800000000000000000e+01 8.544212999520560459e+00
4.900000000000000000e+01 8.173944710442953010e+00
5.000000000000000000e+01 7.803676421365344673e+00
5.100000000000000000e+01 7.433408132287736336e+00
5.200000000000000000e+01 7.063139843210128888e+00
5.300000000000000000e+01 6.692871554132520551e+00
5.400000000000000000e+01 6.322603265054912214e+00
5.500000000000000000e+01 5.952334975977303877e+00
5.600000000000000000e+01 5.582066686899695540e+00
5.700000000000000000e+01 5.245823300159027092e+00
5.800000000000000000e+01 5.215804034450809645e+00
5.900000000000000000e+01 5.185784768742592199e+00
6.000000000000000000e+01 5.155765503034374753e+00
6.100000000000000000e+01 5.125746237326157306e+00
6.200000000000000000e+01 5.095726971617938972e+00
6.300000000000000000e+01 5.065707705909721525e+00
6.400000000000000000e+01 5.035688440201504079e+00
6.500000000000000000e+01 5.005669174493286633e+00
6.600000000000000000e+01 4.975649908785069186e+00
6.700000000000000000e+01 4.945630643076851740e+00
6.800000000000000000e+01 4.861313516209710528e+00
6.900000000000000000e+01 4.288315638912225225e+00
7.000000000000000000e+01 3.715317761614739922e+00
7.100000000000000000e+01 3.142319884317254619e+00
7.200000000000000000e+01 2.569322007019768872e+00
7.300000000000000000e+01 2.210151756860251115e+00
7.400000000000000000e+01 3.775430150942562513e+00
7.500000000000000000e+01 5.340708545024873466e+00
7.600000000000000000e+01 6.729950826218763282e+00
7.700000000000000000e+01 6.534868091416761615e+00
7.800000000000000000e+01 6.309369453722317722e+00
7.900000000000000000e+01 5.810127689995882250e+00
8.000000000000000000e+01 5.310885926269445889e+00
8.100000000000000000e+01 4.811644162543010417e+00
8.200000000000000000e+01 4.312402398816574944e+00
8.300000000000000000e+01 3.961357212501074088e+00
8.400000000000000000e+01 4.944081222884071813e+00
8.500000000000000000e+01 5.926805233267069539e+00
8.600000000000000000e+01 6.747916416571055898e+00
8.700000000000000000e+01 6.114512156163855572e+00
8.800000000000000000e+01 5.481107895756654358e+00
8.900000000000000000e+01 4.847703635349454032e+00
9.000000000000000000e+01 4.295072568073650565e+00
9.100000000000000000e+01 4.469400238980468565e+00
9.200000000000000000e+01 4.643727909887287453e+00
9.300000000000000000e+01 4.818055580794105452e+00
9.400000000000000000e+01 4.992383251700923452e+00
9.500000000000000000e+01 5.146330823054009684e+00
9.600000000000000000e+01 5.116857498423491357e+00
9.700000000000000000e+01 5.087384173792973030e+00
9.800000000000000000e+01 5.057910849162454703e+00
9.900000000000000000e+01 5.011197084999136742e+00
1.000000000000000000e+02 4.809319365040616745e+00
1.010000000000000000e+02 4.607441645082096748e+00
1.020000000000000000e+02 4.405563925123576752e+00
1.030000000000000000e+02 4.197293657049499416e+00
1.040000000000000000e+02 3.931490455935399808e+00
1.050000000000000000e+02 3.665687254821300645e+00
1.060000000000000000e+02 3.399884053707201037e+00
1.070000000000000000e+02 3.134080852593101429e+00
1.080000000000000000e+02 2.868277651479002266e+00
1.090000000000000000e+02 2.602474450364902658e+00
1.100000000000000000e+02 2.337834865323808131e+00
1.110000000000000000e+02 2.083667824939761104e+00
1.120000000000000000e+02 1.829500784555713633e+00
1.130000000000000000e+02 1.575333744171666162e+00
1.140000000000000000e+02 1.321166703787618912e+00
1.150000000000000000e+02 1.083878738747157788e+00
1.160000000000000000e+02 9.985024517989824488e-01
1.170000000000000000e+02 9.131261648508068873e-01
1.180000000000000000e+02 8.277498779026315479e-01
1.190000000000000000e+02 7.423735909544559863e-01
1.200000000000000000e+02 6.569973040062806469e-01
