0.000000000000000000e+00 0.000000000000000000e+00
1.000000000000000000e+00 1.982259095561814233e+00
2.000000000000000000e+00 2.984294859556120283e+00
3.000000000000000000e+00 2.953619159158643814e+00
4.000000000000000000e+00 1.992258237738515847e+00
5.000000000000000000e+00 8.321514036928736591e-01
6.000000000000000000e+00 2.063432078871936526e-01
7.000000000000000000e+00 3.554660694923495456e-01
8.000000000000000000e+00 9.999334493072166152e-01
9.000000000000000000e+00 1.650396086367801773e+00
1.000000000000000000e+01 1.930823261447455641e+00
1.100000000000000000e+01 1.725381072361820589e+00
1.200000000000000000e+01 1.165612482030625729e+00
1.300000000000000000e+01 5.358441727803858745e-01
1.400000000000000000e+01 1.352096019555388273e-01
1.500000000000000000e+01 1.290798970087247421e-01
1.600000000000000000e+01 4.621883471202019589e-01
1.700000000000000000e+01 8.983031955743550068e-01
1.800000000000000000e+01 1.166845569298191609e+00
1.900000000000000000e+01 1.117135854517489868e+00
2.000000000000000000e+01 7.862358360998553675e-01
2.100000000000000000e+01 3.584850093305630425e-01
2.200000000000000000e+01 5.819803716034090829e-02
2.300000000000000000e+01 3.421959155321697976e-02
2.400000000000000000e+01 2.855611507257932447e-01
2.500000000000000000e+01 6.620879800798133985e-01
2.600000000000000000e+01 9.458924591967705631e-01
2.700000000000000000e+01 9.741254798316227870e-01
2.800000000000000000e+01 7.318443690345859398e-01
2.900000000000000000e+01 3.582678678618183010e-01
3.000000000000000000e+01 6.552702268542245911e-02
3.100000000000000000e+01 2.109820216879136623e-02
3.200000000000000000e+01 2.583553492074370239e-01
3.300000000000000000e+01 6.576612959882373044e-01
3.400000000000000000e+01 1.006142662111735753e+00
3.500000000000000000e+01 1.110297027549526083e+00
3.600000000000000000e+01 9.065755249462263965e-01
3.700000000000000000e+01 5.067155716184525982e-01
3.800000000000000000e+01 1.448500544234827547e-01
3.900000000000000000e+01 5.156626756536662748e-02
4.000000000000000000e+01 3.243094943886964954e-01
4.100000000000000000e+01 8.626145082876728321e-01
4.200000000000000000e+01 1.401754301530460323e+00
4.300000000000000000e+01 1.638848097155544359e+00
4.400000000000000000e+01 1.407255562736158705e+00
4.500000000000000000e+01 8.117945110651740848e-01
4.600000000000000000e+01 2.183374043835844547e-01
4.700000000000000000e+01 5.406072984035045770e-02
4.800000000000000000e+01 5.169677734823981963e-01
4.900000000000000000e+01 1.402698926991332584e+00
5.000000000000000000e+01 2.203753578697390303e+00
5.100000000000000000e+01 2.433087851262875745e+00
5.200000000000000000e+01 1.944599434410389627e+00
5.300000000000000000e+01 1.030436830578753682e+00
5.400000000000000000e+01 2.491580486266003480e-01
5.500000000000000000e+01 1.117059315293547905e-01
5.600000000000000000e+01 8.009062525936261334e-01
5.700000000000000000e+01 2.050676537704173796e+00
5.800000000000000000e+01 3.245204731678888344e+00
5.900000000000000000e+01 3.726173306963113330e+00
6.000000000000000000e+01 3.184107758877574135e+00
6.100000000000000000e+01 1.904825894559690536e+00
6.200000000000000000e+01 6.722261060889040962e-01
6.300000000000000000e+01 3.391360652328777037e-01
6.400000000000000000e+01 1.319543279815289294e+00
6.500000000000000000e+01 3.315210282287503141e+00
6.600000000000000000e+01 5.425869323679490819e+00
6.700000000000000000e+01 6.573234051473471951e+00
6.800000000000000000e+01 6.056835034587036759e+00
6.900000000000000000e+01 4.029722171804295705e+00
7.000000000000000000e+01 1.635410851968151613e+00
7.100000000000000000e+01 5.537395850588505697e-01
7.200000000000000000e+01 1.976003583710599809e+00
7.300000000000000000e+01 5.563503469245734578e+00
7.400000000000000000e+01 9.280437124639851376e+00
7.500000000000000000e+01 1.057859980135088485e+01
7.600000000000000000e+01 8.312077088865281738e+00
7.700000000000000000e+01 3.882162524037268359e+00
7.800000000000000000e+01 4.531445439981314216e-01
7.900000000000000000e+01 6.139277566527787666e-01
8.000000000000000000e+01 4.309276098340952821e+00
8.100000000000000000e+01 8.808456533939883926e+00
8.200000000000000000e+01 1.081210768655763488e+01
8.300000000000000000e+01 8.972032457623527080e+00
8.400000000000000000e+01 4.778668731893086274e+00
8.500000000000000000e+01 1.220280941749409376e+00
8.600000000000000000e+01 4.686679956246492806e-01
8.700000000000000000e+01 2.468812301388080055e+00
8.800000000000000000e+01 5.334220785497121753e+00
8.900000000000000000e+01 6.935573018685228242e+00
9.000000000000000000e+01 6.333408623699138928e+00
9.100000000000000000e+01 4.132382717744541800e+00
9.200000000000000000e+01 1.791903145062358815e+00
9.300000000000000000e+01 5.776314902330192957e-01
9.400000000000000000e+01 8.583033924907947920e-01
9.500000000000000000e+01 2.064060405750820948e+00
9.600000000000000000e+01 3.188396946980347479e+00
9.700000000000000000e+01 3.453703368538828755e+00
9.800000000000000000e+01 2.735727554795682970e+00
9.900000000000000000e+01 1.532990226552055857e+00
1.000000000000000000e+02 5.626742838100848854e-01
1.010000000000000000e+02 2.839529748287327182e-01
1.020000000000000000e+02 6.556694967307976629e-01
1.030000000000000000e+02 1.244643799263625894e+00
1.040000000000000000e+02 1.564027194277274990e+00
1.050000000000000000e+02 1.394422891412112619e+00
1.060000000000000000e+02 8.838581847701444394e-01
1.070000000000000000e+02 3.883785234273675613e-01
1.080000000000000000e+02 1.918706956574325884e-01
1.090000000000000000e+02 3.163058558736274728e-01
1.100000000000000000e+02 5.506985369635599703e-01
1.110000000000000000e+02 6.504293863589917235e-01
1.120000000000000000e+02 5.302280153303999821e-01
1.130000000000000000e+02 2.992533026922890582e-01
1.140000000000000000e+02 1.350019021257064800e-01
1.150000000000000000e+02 1.259824276377767838e-01
1.160000000000000000e+02 2.178578313516977560e-01
1.170000000000000000e+02 2.877671013427778313e-01
1.180000000000000000e+02 2.598953130162315883e-01
1.190000000000000000e+02 1.581111620651232397e-01
1.200000000000000000e+02 6.524699552876633835e-02
