0.000000000000000000e+00 0.000000000000000000e+00
1.000000000000000000e+00 2.098214473327712604e+00
2.000000000000000000e+00 2.037337748277185501e+00
3.000000000000000000e+00 1.602483768257606744e+00
4.000000000000000000e+00 9.469226599075001305e-01
5.000000000000000000e+00 3.410895612073389094e-01
6.000000000000000000e+00 5.477528844485490822e-02
7.000000000000000000e+00 2.320366428435013118e-01
8.000000000000000000e+00 8.225708531426474401e-01
9.000000000000000000e+00 1.604713685576631521e+00
1.000000000000000000e+01 2.286924618775368678e+00
1.100000000000000000e+01 2.634441717412069117e+00
1.200000000000000000e+01 2.558449229560544769e+00
1.300000000000000000e+01 2.130273009479298096e+00
1.400000000000000000e+01 1.525815855723431591e+00
1.500000000000000000e+01 9.396084303499931956e-01
1.600000000000000000e+01 5.150949551908363677e-01
1.700000000000000000e+01 3.180581096199011637e-01
1.800000000000000000e+01 3.497255764146193768e-01
1.900000000000000000e+01 5.754121699197023432e-01
2.000000000000000000e+01 9.443297771919088035e-01
2.100000000000000000e+01 1.392129279383861995e+00
2.200000000000000000e+01 1.835607339615601852e+00
2.300000000000000000e+01 2.175804788380522936e+00
2.400000000000000000e+01 2.318282535851754034e+00
2.500000000000000000e+01 2.204972034892446864e+00
2.600000000000000000e+01 1.841722784381463196e+00
2.700000000000000000e+01 1.306173579841698684e+00
2.800000000000000000e+01 7.303719140020998868e-01
2.900000000000000000e+01 2.645171233539508338e-01
3.000000000000000000e+01 3.532641335625468643e-02
3.100000000000000000e+01 1.123898730737372398e-01
3.200000000000000000e+01 4.908351565544116779e-01
3.300000000000000000e+01 1.092713772194472854e+00
3.400000000000000000e+01 1.785258262184654665e+00
3.500000000000000000e+01 2.411572287199961639e+00
3.600000000000000000e+01 2.827355143101415891e+00
3.700000000000000000e+01 2.935646972112785136e+00
3.800000000000000000e+01 2.711254459302915532e+00
3.900000000000000000e+01 2.208538389969242566e+00
4.000000000000000000e+01 1.550451816720579634e+00
4.100000000000000000e+01 9.015531481830428850e-01
4.200000000000000000e+01 4.313441715604763305e-01
4.300000000000000000e+01 2.758546446203340441e-01
4.400000000000000000e+01 5.053051215866725121e-01
4.500000000000000000e+01 1.104673771769198121e+00
4.600000000000000000e+01 1.972189034745361891e+00
4.700000000000000000e+01 2.937658626075954960e+00
4.800000000000000000e+01 3.797993502422486234e+00
4.900000000000000000e+01 4.362449662575689224e+00
5.000000000000000000e+01 4.497121651979282930e+00
5.100000000000000000e+01 4.158644352368012775e+00
5.200000000000000000e+01 3.410440889459937175e+00
5.300000000000000000e+01 2.418850182834042961e+00
5.400000000000000000e+01 1.428774745119505418e+00
5.500000000000000000e+01 7.190898609997461444e-01
5.600000000000000000e+01 5.396562398462805277e-01
5.700000000000000000e+01 1.037550275589817383e+00
5.800000000000000000e+01 2.190120563688689792e+00
5.900000000000000000e+01 3.771633058746146627e+00
6.000000000000000000e+01 5.380271355378052789e+00
6.100000000000000000e+01 6.536944095674606103e+00
6.200000000000000000e+01 6.838387391076500066e+00
6.300000000000000000e+01 6.115797310175820733e+00
6.400000000000000000e+01 4.533488593682230672e+00
6.500000000000000000e+01 2.573227074110594259e+00
6.600000000000000000e+01 8.901326141531828995e-01
6.700000000000000000e+01 8.117427539689121840e-02
6.800000000000000000e+01 4.525860141270147130e-01
6.900000000000000000e+01 1.884315000405477170e+00
7.000000000000000000e+01 3.857595927731613195e+00
7.100000000000000000e+01 5.645948185886112469e+00
7.200000000000000000e+01 6.597874162496032646e+00
7.300000000000000000e+01 6.394542051434942032e+00
7.400000000000000000e+01 5.170992684856233979e+00
7.500000000000000000e+01 3.446009923067367531e+00
7.600000000000000000e+01 1.890383639531062254e+00
7.700000000000000000e+01 1.037468162439051600e+00
7.800000000000000000e+01 1.067751091513358785e+00
7.900000000000000000e+01 1.764906578485910149e+00
8.000000000000000000e+01 2.658433649811247079e+00
8.100000000000000000e+01 3.276398468027730715e+00
8.200000000000000000e+01 3.377151540515233474e+00
8.300000000000000000e+01 3.041171142051994014e+00
8.400000000000000000e+01 2.579893838345899582e+00
8.500000000000000000e+01 2.319358354445449688e+00
8.600000000000000000e+01 2.387724862935984849e+00
8.700000000000000000e+01 2.634949887264415480e+00
8.800000000000000000e+01 2.736257727306479648e+00
8.900000000000000000e+01 2.419359887710123669e+00
9.000000000000000000e+01 1.674138210621286760e+00
9.100000000000000000e+01 8.053437429566069339e-01
9.200000000000000000e+01 2.793475685631038874e-01
9.300000000000000000e+01 4.451390451873528109e-01
9.400000000000000000e+01 1.298197443676388119e+00
9.500000000000000000e+01 2.442976227731471717e+00
9.600000000000000000e+01 3.295135195915646520e+00
9.700000000000000000e+01 3.414293204354231115e+00
9.800000000000000000e+01 2.767035517278038537e+00
9.900000000000000000e+01 1.752051646891192860e+00
1.000000000000000000e+02 9.621596691504520349e-01
1.010000000000000000e+02 8.250933998836711414e-01
1.020000000000000000e+02 1.348039361708138761e+00
1.030000000000000000e+02 2.130937090346646023e+00
1.040000000000000000e+02 2.643228163295624267e+00
1.050000000000000000e+02 2.585855496238335327e+00
1.060000000000000000e+02 2.099301471358578919e+00
1.070000000000000000e+02 1.673933980927233778e+00
1.080000000000000000e+02 1.812941281396258653e+00
1.090000000000000000e+02 2.665187885431169246e+00
1.100000000000000000e+02 3.874034126331229455e+00
1.110000000000000000e+02 4.755724498487010621e+00
1.120000000000000000e+02 4.710098119777437198e+00
1.130000000000000000e+02 3.612510619650922017e+00
1.140000000000000000e+02 1.938932238095031790e+00
1.150000000000000000e+02 5.357094291598883951e-01
1.160000000000000000e+02 1.613518825985518212e-01
1.170000000000000000e+02 1.065459386914132223e+00
1.180000000000000000e+02 2.846459369814969609e+00
1.190000000000000000e+02 4.663880041933235354e+00
1.200000000000000000e+02 5.677059173583401730e+00
