0.000000000000000000e+00 0.000000000000000000e+00
1.000000000000000000e+00 1.421838791167370708e+01
2.000000000000000000e+00 1.353573907057935877e+01
3.000000000000000000e+00 1.097212355534039752e+01
4.000000000000000000e+00 7.243508349727383333e+00
5.000000000000000000e+00 3.482605499322817266e+00
6.000000000000000000e+00 8.872178527297508444e-01
7.000000000000000000e+00 3.396429051757636208e-01
8.000000000000000000e+00 2.123353412552170028e+00
9.000000000000000000e+00 5.826529215015233021e+00
1.000000000000000000e+01 1.045878616270015193e+01
1.100000000000000000e+01 1.474079622081732666e+01
1.200000000000000000e+01 1.747681776473164206e+01
1.300000000000000000e+01 1.789969479619878712e+01
1.400000000000000000e+01 1.588944573510652170e+01
1.500000000000000000e+01 1.200485001071910141e+01
1.600000000000000000e+01 7.321286329102055568e+00
1.700000000000000000e+01 3.122948589537679620e+00
1.800000000000000000e+01 5.385899376975817887e-01
1.900000000000000000e+01 2.255474199898733489e-01
2.000000000000000000e+01 2.192205688818529286e+00
2.100000000000000000e+01 5.808245586138539807e+00
2.200000000000000000e+01 9.996958561603046078e+00
2.300000000000000000e+01 1.355100916447654491e+01
2.400000000000000000e+01 1.547803002359790803e+01
2.500000000000000000e+01 1.527549286242007121e+01
2.600000000000000000e+01 1.305699249238201176e+01
2.700000000000000000e+01 9.497156346244487679e+00
2.800000000000000000e+01 5.616162182698767324e+00
2.900000000000000000e+01 2.471361713663667192e+00
3.000000000000000000e+01 8.492416538958205141e-01
3.100000000000000000e+01 1.048677547147098599e+00
3.200000000000000000e+01 2.817226810323331332e+00
3.300000000000000000e+01 5.455048278207103252e+00
3.400000000000000000e+01 8.050132885616115175e+00
3.500000000000000000e+01 9.769133488399301513e+00
3.600000000000000000e+01 1.011202299574659769e+01
3.700000000000000000e+01 9.051055230411780173e+00
3.800000000000000000e+01 7.011671997645580134e+00
3.900000000000000000e+01 4.704192241339590908e+00
4.000000000000000000e+01 2.864757684559501971e+00
4.100000000000000000e+01 1.996006148001135738e+00
4.200000000000000000e+01 2.200360004045278650e+00
4.300000000000000000e+01 3.168120070694627977e+00
4.400000000000000000e+01 4.326334074302057076e+00
4.500000000000000000e+01 5.091082395166679042e+00
4.600000000000000000e+01 5.120021622355359625e+00
4.700000000000000000e+01 4.455656944101446193e+00
4.800000000000000000e+01 3.491362270003500967e+00
4.900000000000000000e+01 2.769264869394110207e+00
5.000000000000000000e+01 2.699824405439239516e+00
5.100000000000000000e+01 3.337990898221416369e+00
5.200000000000000000e+01 4.332933221022860160e+00
5.300000000000000000e+01 5.089093444120835308e+00
5.400000000000000000e+01 5.070154330772156825e+00
5.500000000000000000e+01 4.097562305279618400e+00
5.600000000000000000e+01 2.486500230238691600e+00
5.700000000000000000e+01 9.355674036863664833e-01
5.800000000000000000e+01 2.092527139818315118e-01
5.900000000000000000e+01 7.626257689695111752e-01
6.000000000000000000e+01 2.496199579718732409e+00
6.100000000000000000e+01 4.771570823239964731e+00
6.200000000000000000e+01 6.691191835094167040e+00
6.300000000000000000e+01 7.512345192962243345e+00
6.400000000000000000e+01 6.994768526570651623e+00
6.500000000000000000e+01 5.510737153595125726e+00
6.600000000000000000e+01 3.862002672730484587e+00
6.700000000000000000e+01 2.892122952685148185e+00
6.800000000000000000e+01 3.083522675339632091e+00
6.900000000000000000e+01 4.336346039507809280e+00
7.000000000000000000e+01 6.037439829696847227e+00
7.100000000000000000e+01 7.386268731797744458e+00
7.200000000000000000e+01 7.818671174088210662e+00
7.300000000000000000e+01 7.319240356027116867e+00
7.400000000000000000e+01 6.462590908520665423e+00
7.500000000000000000e+01 6.150172970168727105e+00
7.600000000000000000e+01 7.154659959481252329e+00
7.700000000000000000e+01 9.681610745173870214e+00
7.800000000000000000e+01 1.316246118426063916e+01
7.900000000000000000e+01 1.639930702657251160e+01
8.000000000000000000e+01 1.802888149928712380e+01
8.100000000000000000e+01 1.712596452895676791e+01
8.200000000000000000e+01 1.368985395746004663e+01
8.300000000000000000e+01 8.787987856271444187e+00
8.400000000000000000e+01 4.260570535241832602e+00
8.500000000000000000e+01 2.069057186721610542e+00
8.600000000000000000e+01 3.526746749676188841e+00
8.700000000000000000e+01 8.715401815476063518e+00
8.800000000000000000e+01 1.633606778520272584e+01
8.900000000000000000e+01 2.408229678259714746e+01
9.000000000000000000e+01 2.942065152174591347e+01
9.100000000000000000e+01 3.049766304013430940e+01
9.200000000000000000e+01 2.683269356372871428e+01
9.300000000000000000e+01 1.952943891590606995e+01
9.400000000000000000e+01 1.091847707576853566e+01
9.500000000000000000e+01 3.758935305840864327e+00
9.600000000000000000e+01 2.933732866204457612e-01
9.700000000000000000e+01 1.500906255152851587e+00
9.800000000000000000e+01 6.811236426671176680e+00
9.900000000000000000e+01 1.436264436842486347e+01
1.000000000000000000e+02 2.168411744920981477e+01
1.010000000000000000e+02 2.653566889006328822e+01
1.020000000000000000e+02 2.760423495496421964e+01
1.030000000000000000e+02 2.483075633949600558e+01
1.040000000000000000e+02 1.929670294829886501e+01
1.050000000000000000e+02 1.275976632696232826e+01
1.060000000000000000e+02 7.037247991890103194e+00
1.070000000000000000e+02 3.458769981251708536e+00
1.080000000000000000e+02 2.551975046026282001e+00
1.090000000000000000e+02 4.020470768907531856e+00
1.100000000000000000e+02 6.968148480527508681e+00
1.110000000000000000e+02 1.025513401627905097e+01
1.120000000000000000e+02 1.285383708694758376e+01
1.130000000000000000e+02 1.410242576622489885e+01
1.140000000000000000e+02 1.380680193214680251e+01
1.150000000000000000e+02 1.219712897511653438e+01
1.160000000000000000e+02 9.783855851138021364e+00
1.170000000000000000e+02 7.174038830059542349e+00
1.180000000000000000e+02 4.903868505131078415e+00
1.190000000000000000e+02 3.325216316413882378e+00
1.200000000000000000e+02 2.561340443546147316e+00
