0.000000000000000000e+00 7.239045797413065086e-01
1.000000000000000000e+00 7.560569017194795904e-01
2.000000000000000000e+00 7.882092236976527833e-01
3.000000000000000000e+00 8.203615456758259761e-01
4.000000000000000000e+00 8.525138676539990579e-01
5.000000000000000000e+00 8.846661896321722507e-01
6.000000000000000000e+00 9.168185116103454435e-01
7.000000000000000000e+00 9.489708335885185253e-01
8.000000000000000000e+00 9.811231555666917181e-01
9.000000000000000000e+00 1.013275477544864911e+00
1.000000000000000000e+01 1.045427799523038104e+00
1.100000000000000000e+01 1.074922276356872208e+00
1.200000000000000000e+01 1.080496146891655185e+00
1.300000000000000000e+01 1.086070017426438161e+00
1.400000000000000000e+01 1.091643887961221360e+00
1.500000000000000000e+01 1.097217758496004336e+00
1.600000000000000000e+01 1.102791629030787313e+00
1.700000000000000000e+01 1.103456961425196781e+00
1.800000000000000000e+01 1.059945450556245783e+00
1.900000000000000000e+01 1.016433939687294563e+00
2.000000000000000000e+01 9.729224288183434544e-01
2.100000000000000000e+01 9.294109179493923456e-01
2.200000000000000000e+01 8.858994070804411258e-01
2.300000000000000000e+01 8.410173727348284611e-01
2.400000000000000000e+01 7.838006270992613489e-01
2.500000000000000000e+01 7.265838814636942367e-01
2.600000000000000000e+01 6.693671358281271244e-01
2.700000000000000000e+01 6.121503901925600122e-01
2.800000000000000000e+01 5.549336445569928999e-01
2.900000000000000000e+01 5.016706566968244241e-01
3.000000000000000000e+01 4.839914888152428984e-01
3.100000000000000000e+01 4.663123209336614838e-01
3.200000000000000000e+01 4.486331530520800137e-01
3.300000000000000000e+01 4.309539851704985436e-01
3.400000000000000000e+01 4.132748172889170735e-01
3.500000000000000000e+01 3.955956494073356033e-01
3.600000000000000000e+01 3.779164815257541332e-01
3.700000000000000000e+01 3.602373136441726631e-01
3.800000000000000000e+01 3.425581457625912485e-01
3.900000000000000000e+01 3.360476802878552549e-01
4.000000000000000000e+01 4.300555364747276621e-01
4.100000000000000000e+01 5.240633926616000693e-01
4.200000000000000000e+01 6.180712488484725320e-01
4.300000000000000000e+01 7.120791050353447726e-01
4.400000000000000000e+01 8.060869612222172353e-01
4.500000000000000000e+01 9.000948174090896980e-01
4.600000000000000000e+01 1.010639377257340543e+00
4.700000000000000000e+01 1.270014270057996608e+00
4.800000000000000000e+01 1.529389162858652451e+00
4.900000000000000000e+01 1.788764055659308294e+00
5.000000000000000000e+01 2.048138948459964137e+00
5.100000000000000000e+01 2.307513841260620424e+00
5.200000000000000000e+01 2.566888734061276267e+00
5.300000000000000000e+01 2.826263626861932110e+00
5.400000000000000000e+01 3.085638519662587953e+00
5.500000000000000000e+01 3.345013412463243796e+00
5.600000000000000000e+01 3.672489892665001587e+00
5.700000000000000000e+01 4.612880659476666700e+00
5.800000000000000000e+01 5.553271426288332258e+00
5.900000000000000000e+01 6.493662193099996927e+00
6.000000000000000000e+01 7.434052959911662484e+00
6.100000000000000000e+01 8.374443726723328041e+00
6.200000000000000000e+01 9.314834493534993598e+00
6.300000000000000000e+01 1.025577527558407631e+01
6.400000000000000000e+01 1.120166619476991343e+01
6.500000000000000000e+01 1.214755711395575766e+01
6.600000000000000000e+01 1.309344803314160188e+01
6.700000000000000000e+01 1.403933895232744611e+01
6.800000000000000000e+01 1.498522987151329033e+01
6.900000000000000000e+01 1.593112079069913634e+01
7.000000000000000000e+01 1.681872844288266222e+01
7.100000000000000000e+01 1.718178669204529285e+01
7.200000000000000000e+01 1.754484494120792704e+01
7.300000000000000000e+01 1.790790319037055767e+01
7.400000000000000000e+01 1.827096143953319185e+01
7.500000000000000000e+01 1.863401968869582248e+01
7.600000000000000000e+01 1.889025997185085615e+01
7.700000000000000000e+01 1.818513856093743897e+01
7.800000000000000000e+01 1.748001715002401824e+01
7.900000000000000000e+01 1.677489573911059750e+01
8.000000000000000000e+01 1.606977432819718032e+01
8.100000000000000000e+01 1.536465291728376137e+01
8.200000000000000000e+01 1.465953150637034241e+01
8.300000000000000000e+01 1.395565215544251991e+01
8.400000000000000000e+01 1.326295134438506906e+01
8.500000000000000000e+01 1.257025053332761999e+01
8.600000000000000000e+01 1.187754972227016914e+01
8.700000000000000000e+01 1.118484891121271829e+01
8.800000000000000000e+01 1.049214810015526922e+01
8.900000000000000000e+01 9.844669620200926730e+00
9.000000000000000000e+01 9.604192120174582570e+00
9.100000000000000000e+01 9.363714620148236634e+00
9.200000000000000000e+01 9.123237120121890698e+00
9.300000000000000000e+01 8.882759620095544761e+00
9.400000000000000000e+01 8.642282120069200602e+00
9.500000000000000000e+01 8.401804620042854665e+00
9.600000000000000000e+01 8.189342461047536048e+00
9.700000000000000000e+01 8.229018371331465076e+00
9.800000000000000000e+01 8.268694281615395880e+00
9.900000000000000000e+01 8.308370191899326684e+00
1.000000000000000000e+02 8.348046102183255712e+00
1.010000000000000000e+02 8.387722012467186516e+00
1.020000000000000000e+02 8.427397922751117321e+00
1.030000000000000000e+02 8.458050561705166004e+00
1.040000000000000000e+02 8.407493758690275598e+00
1.050000000000000000e+02 8.356936955675386969e+00
1.060000000000000000e+02 8.306380152660498339e+00
1.070000000000000000e+02 8.255823349645607934e+00
1.080000000000000000e+02 8.205266546630719304e+00
1.090000000000000000e+02 8.154709743615828899e+00
1.100000000000000000e+02 8.068045170569247304e+00
1.110000000000000000e+02 7.656410667237418366e+00
1.120000000000000000e+02 7.244776163905588540e+00
1.130000000000000000e+02 6.833141660573758713e+00
1.140000000000000000e+02 6.421507157241927999e+00
1.150000000000000000e+02 6.009872653910099061e+00
1.160000000000000000e+02 5.598238150578268346e+00
1.170000000000000000e+02 5.186603647246438520e+00
1.180000000000000000e+02 4.774969143914608694e+00
1.190000000000000000e+02 4.363334640582778867e+00
1.200000000000000000e+02 3.951700137250949041e+00
