0.000000000000000000e+00 0.000000000000000000e+00
1.000000000000000000e+00 2.070033666527852478e+00
2.000000000000000000e+00 4.116621550185913136e+00
3.000000000000000000e+00 6.572203882643131934e+00
4.000000000000000000e+00 6.812500270118721168e+00
5.000000000000000000e+00 6.217031359260060341e+00
6.000000000000000000e+00 5.475858809306469510e+00
7.000000000000000000e+00 5.638677704072274643e+00
8.000000000000000000e+00 6.619334402498252778e+00
9.000000000000000000e+00 7.973752376642599060e+00
1.000000000000000000e+01 6.573905405193183782e+00
1.100000000000000000e+01 3.898338486237158840e+00
1.200000000000000000e+01 5.847880741881663624e+00
1.300000000000000000e+01 1.221210086102016668e+01
1.400000000000000000e+01 1.369111351636096430e+01
1.500000000000000000e+01 6.002558994034838058e+00
1.600000000000000000e+01 2.893658533283279599e+00
1.700000000000000000e+01 7.609411524581307873e+00
1.800000000000000000e+01 1.301107549471336000e+01
1.900000000000000000e+01 1.512892110070517404e+01
2.000000000000000000e+01 9.029265482122077913e+00
2.100000000000000000e+01 6.068878151209563754e+00
2.200000000000000000e+01 1.314305751453065696e+01
2.300000000000000000e+01 1.744897721473033769e+01
2.400000000000000000e+01 1.589872132331676191e+01
2.500000000000000000e+01 9.773894714560634966e+00
2.600000000000000000e+01 3.824705967230039860e+00
2.700000000000000000e+01 8.730773902028449385e+00
2.800000000000000000e+01 1.482926596510946915e+01
2.900000000000000000e+01 1.302827836799333028e+01
3.000000000000000000e+01 1.387597610250013069e+01
3.100000000000000000e+01 1.634530926384792338e+01
3.200000000000000000e+01 9.787758148960168825e+00
3.300000000000000000e+01 2.765160517302641896e+00
3.400000000000000000e+01 6.142599567703113550e+00
3.500000000000000000e+01 1.176792901393770840e+01
3.600000000000000000e+01 1.383378943657532467e+01
3.700000000000000000e+01 1.579036334044376488e+01
3.800000000000000000e+01 1.533816693866342717e+01
3.900000000000000000e+01 1.043420958771086404e+01
4.000000000000000000e+01 4.234819264230729630e+00
4.100000000000000000e+01 2.022494297672852603e+00
4.200000000000000000e+01 3.526183124236892841e+00
4.300000000000000000e+01 6.164229586923439363e+00
4.400000000000000000e+01 8.462004647633344590e+00
4.500000000000000000e+01 9.241247929610004519e+00
4.600000000000000000e+01 7.808480924454620720e+00
4.700000000000000000e+01 5.670278997212487404e+00
4.800000000000000000e+01 4.755016071706592129e+00
4.900000000000000000e+01 4.838159947664399496e+00
5.000000000000000000e+01 5.470094376957417737e+00
5.100000000000000000e+01 6.474846292880885201e+00
5.200000000000000000e+01 6.775089095592056410e+00
5.300000000000000000e+01 5.948694593140536391e+00
5.400000000000000000e+01 4.717713481307542089e+00
5.500000000000000000e+01 3.125419465004430908e+00
5.600000000000000000e+01 1.528257968236411912e+00
5.700000000000000000e+01 7.005413317791430172e-01
5.800000000000000000e+01 9.188528320736287780e-01
5.900000000000000000e+01 1.879197012303386982e+00
6.000000000000000000e+01 3.298224497253854803e+00
6.100000000000000000e+01 4.642826301292705793e+00
6.200000000000000000e+01 4.958103985765378141e+00
6.300000000000000000e+01 4.257806753910434949e+00
6.400000000000000000e+01 3.293667118123906334e+00
6.500000000000000000e+01 2.795351059811479022e+00
6.600000000000000000e+01 2.559703057084651512e+00
6.700000000000000000e+01 3.526337231112228299e+00
6.800000000000000000e+01 4.639685737750919081e+00
6.900000000000000000e+01 4.657393209939317380e+00
7.000000000000000000e+01 4.282575355963311736e+00
7.100000000000000000e+01 3.389226987725200591e+00
7.200000000000000000e+01 2.209234754135414924e+00
7.300000000000000000e+01 1.957104819959991859e+00
7.400000000000000000e+01 2.186592466921577493e+00
7.500000000000000000e+01 2.969622307819525631e+00
7.600000000000000000e+01 4.985760893690176054e+00
7.700000000000000000e+01 6.763507350787101302e+00
7.800000000000000000e+01 8.033427518251160748e+00
7.900000000000000000e+01 7.985972393440876616e+00
8.000000000000000000e+01 5.814869170272848109e+00
8.100000000000000000e+01 3.289548328645975239e+00
8.200000000000000000e+01 1.920073659356311691e+00
8.300000000000000000e+01 2.829237760446249972e+00
8.400000000000000000e+01 6.276068601131666647e+00
8.500000000000000000e+01 1.004360365799337451e+01
8.600000000000000000e+01 1.139400686459908840e+01
8.700000000000000000e+01 9.368110820771835989e+00
8.800000000000000000e+01 4.906740991737693847e+00
8.900000000000000000e+01 9.909384313945646117e-01
9.000000000000000000e+01 7.367408511188134890e-01
9.100000000000000000e+01 4.394762098898433500e+00
9.200000000000000000e+01 9.580113217833874373e+00
9.300000000000000000e+01 1.277705926254390434e+01
9.400000000000000000e+01 1.156584336120321943e+01
9.500000000000000000e+01 7.112266159196833470e+00
9.600000000000000000e+01 3.073273521334491942e+00
9.700000000000000000e+01 2.535879782243745328e+00
9.800000000000000000e+01 5.815286295302039221e+00
9.900000000000000000e+01 1.009116179595436513e+01
1.000000000000000000e+02 1.171191897119575742e+01
1.010000000000000000e+02 9.580946996648481928e+00
1.020000000000000000e+02 6.140107466361747868e+00
1.030000000000000000e+02 4.531701097197708528e+00
1.040000000000000000e+02 5.613331465482519711e+00
1.050000000000000000e+02 7.784353424086936535e+00
1.060000000000000000e+02 8.510761804332528158e+00
1.070000000000000000e+02 6.326256322671824250e+00
1.080000000000000000e+02 2.857283659249270524e+00
1.090000000000000000e+02 2.024838122125027340e+00
1.100000000000000000e+02 5.167076445127031903e+00
1.110000000000000000e+02 9.333123866854375450e+00
1.120000000000000000e+02 1.171895374675577806e+01
1.130000000000000000e+02 1.196869399765269293e+01
1.140000000000000000e+02 8.778827975109129156e+00
1.150000000000000000e+02 5.231538274007620615e+00
1.160000000000000000e+02 7.413405144982154305e+00
1.170000000000000000e+02 8.939016625376575931e+00
1.180000000000000000e+02 6.308718949668168818e+00
1.190000000000000000e+02 3.283981195896186200e+00
1.200000000000000000e+02 1.963659731123488905e+00
