0.000000000000000000e+00 2.614276752025516681e-01
1.000000000000000000e+00 2.357410698094822565e-01
2.000000000000000000e+00 2.100544644164127894e-01
3.000000000000000000e+00 1.901272766783754786e-01
4.000000000000000000e+00 2.220348478356272415e-01
5.000000000000000000e+00 2.539424189928790043e-01
6.000000000000000000e+00 2.858499901501307949e-01
7.000000000000000000e+00 3.177575613073825300e-01
8.000000000000000000e+00 3.419551929806697865e-01
9.000000000000000000e+00 2.967633692982762916e-01
1.000000000000000000e+01 2.529471777008205913e-01
1.100000000000000000e+01 2.215116748678052361e-01
1.200000000000000000e+01 1.907404722912326434e-01
1.300000000000000000e+01 1.659479720226450516e-01
1.400000000000000000e+01 1.411554717540574877e-01
1.500000000000000000e+01 1.202556156312171998e-01
1.600000000000000000e+01 1.343895568201027568e-01
1.700000000000000000e+01 1.538633071771848548e-01
1.800000000000000000e+01 2.213953400480349887e-01
1.900000000000000000e+01 2.845531764124493712e-01
2.000000000000000000e+01 3.083432442189422695e-01
2.100000000000000000e+01 3.321333120254352234e-01
2.200000000000000000e+01 3.492199101826895524e-01
2.300000000000000000e+01 3.059752814967972023e-01
2.400000000000000000e+01 2.663672066687141626e-01
2.500000000000000000e+01 2.594881165609148055e-01
2.600000000000000000e+01 2.526090264531153928e-01
2.700000000000000000e+01 2.494260906902426855e-01
2.800000000000000000e+01 2.795085440317097158e-01
2.900000000000000000e+01 3.095909973731767462e-01
3.000000000000000000e+01 3.379589203061221792e-01
3.100000000000000000e+01 3.508960695623735693e-01
3.200000000000000000e+01 3.599298891928879862e-01
3.300000000000000000e+01 3.338337421917699777e-01
3.400000000000000000e+01 3.077375951906519136e-01
3.500000000000000000e+01 2.805986630912445379e-01
3.600000000000000000e+01 2.440746651072330797e-01
3.700000000000000000e+01 2.075506671232216216e-01
3.800000000000000000e+01 1.730761808332192675e-01
3.900000000000000000e+01 1.570472997892983502e-01
4.000000000000000000e+01 1.410184187453774329e-01
4.100000000000000000e+01 1.367473739096184138e-01
4.200000000000000000e+01 2.382968549473147568e-01
4.300000000000000000e+01 3.257007872919751579e-01
4.400000000000000000e+01 2.857947813993140240e-01
4.500000000000000000e+01 2.458887755066528624e-01
4.600000000000000000e+01 2.076194159944423356e-01
4.700000000000000000e+01 1.840798739062868838e-01
4.800000000000000000e+01 1.605403318181314876e-01
4.900000000000000000e+01 1.370007897299760358e-01
5.000000000000000000e+01 1.134612476418206117e-01
5.100000000000000000e+01 9.436098546947710441e-02
5.200000000000000000e+01 1.152142425394400982e-01
5.300000000000000000e+01 1.360674996094030920e-01
5.400000000000000000e+01 1.627941036444595924e-01
5.500000000000000000e+01 2.423808303653567919e-01
5.600000000000000000e+01 3.219675570862540193e-01
5.700000000000000000e+01 4.015542838071511911e-01
5.800000000000000000e+01 4.648787773820025615e-01
5.900000000000000000e+01 3.818431726424440509e-01
6.000000000000000000e+01 3.034177334743333732e-01
6.100000000000000000e+01 2.664837844492525254e-01
6.200000000000000000e+01 2.295498354241717054e-01
6.300000000000000000e+01 1.926158863990908854e-01
6.400000000000000000e+01 1.597733581558763161e-01
6.500000000000000000e+01 1.637536169494580585e-01
6.600000000000000000e+01 1.677338757430397731e-01
6.700000000000000000e+01 1.717141345366215155e-01
6.800000000000000000e+01 1.819430353472859252e-01
6.900000000000000000e+01 2.484097143116981432e-01
7.000000000000000000e+01 3.148763932761103335e-01
7.100000000000000000e+01 3.813430722405225515e-01
7.200000000000000000e+01 4.341376887004169682e-01
7.300000000000000000e+01 3.638837426196432911e-01
7.400000000000000000e+01 2.936297965388696696e-01
7.500000000000000000e+01 2.233758504580959925e-01
7.600000000000000000e+01 1.531219043773223709e-01
7.700000000000000000e+01 8.286795829654869383e-02
7.800000000000000000e+01 2.175168840978500967e-02
7.900000000000000000e+01 4.287450426911605661e-02
8.000000000000000000e+01 6.399732012844709661e-02
8.100000000000000000e+01 8.512013598777813661e-02
8.200000000000000000e+01 1.062429518471091905e-01
8.300000000000000000e+01 1.273657677064402305e-01
8.400000000000000000e+01 1.484885835657712705e-01
8.500000000000000000e+01 1.657570351030793476e-01
8.600000000000000000e+01 1.483362077421787051e-01
8.700000000000000000e+01 1.309153803812780903e-01
8.800000000000000000e+01 1.134945530203774477e-01
8.900000000000000000e+01 9.607372565947680521e-02
9.000000000000000000e+01 7.865289829857616266e-02
9.100000000000000000e+01 6.123207093767552012e-02
9.200000000000000000e+01 4.381124357677487757e-02
9.300000000000000000e+01 2.983582171555067275e-02
9.400000000000000000e+01 4.686904935141637113e-02
9.500000000000000000e+01 6.390227698728206951e-02
9.600000000000000000e+01 8.093550462314777483e-02
9.700000000000000000e+01 9.800413476286740089e-02
9.800000000000000000e+01 1.153913874372725495e-01
9.900000000000000000e+01 1.327786401116776982e-01
1.000000000000000000e+02 1.501658927860828330e-01
1.010000000000000000e+02 1.609496356670964690e-01
1.020000000000000000e+02 1.123017904075828410e-01
1.030000000000000000e+02 6.887267976354423393e-02
1.040000000000000000e+02 7.241218065878388122e-02
1.050000000000000000e+02 7.595168155402354238e-02
1.060000000000000000e+02 7.949118244926318966e-02
1.070000000000000000e+02 8.679834390411317324e-02
1.080000000000000000e+02 1.280144503954582236e-01
1.090000000000000000e+02 1.692305568868032739e-01
1.100000000000000000e+02 2.104466633781482965e-01
1.110000000000000000e+02 2.516627698694933191e-01
1.120000000000000000e+02 2.928788763608384249e-01
1.130000000000000000e+02 3.340949828521834197e-01
1.140000000000000000e+02 3.689649001174956089e-01
1.150000000000000000e+02 3.467191143485086058e-01
1.160000000000000000e+02 3.244733285795216582e-01
1.170000000000000000e+02 3.022275428105346551e-01
1.180000000000000000e+02 2.799817570415477075e-01
1.190000000000000000e+02 2.577359712725607044e-01
1.200000000000000000e+02 2.354901855035737568e-01
