0.000000000000000000e+00 -3.207131631549312717e-02
1.000000000000000000e+00 6.386048124564744355e-02
2.000000000000000000e+00 1.597922788067880073e-01
3.000000000000000000e+00 2.557240763679285989e-01
4.000000000000000000e+00 3.516558739290691071e-01
5.000000000000000000e+00 4.475876714902096709e-01
6.000000000000000000e+00 5.435194690513501792e-01
7.000000000000000000e+00 6.194410388610932516e-01
8.000000000000000000e+00 5.152705589082581250e-01
9.000000000000000000e+00 4.111000789554228874e-01
1.000000000000000000e+01 3.146669741136632337e-01
1.100000000000000000e+01 2.878702452715837801e-01
1.200000000000000000e+01 2.610735164295042710e-01
1.300000000000000000e+01 2.403140053908487395e-01
1.400000000000000000e+01 2.738894545830089511e-01
1.500000000000000000e+01 3.074649037751692182e-01
1.600000000000000000e+01 3.410403529673294853e-01
1.700000000000000000e+01 3.844521548102495800e-01
1.800000000000000000e+01 5.163911305100070681e-01
1.900000000000000000e+01 6.483301062097646117e-01
2.000000000000000000e+01 7.541909606405423627e-01
2.100000000000000000e+01 6.253487236505053115e-01
2.200000000000000000e+01 4.965064866604681493e-01
2.300000000000000000e+01 3.676642496704310425e-01
2.400000000000000000e+01 2.388220126803939358e-01
2.500000000000000000e+01 1.254491160282155682e-01
2.600000000000000000e+01 1.513002824167629379e-01
2.700000000000000000e+01 1.771514488053103353e-01
2.800000000000000000e+01 2.030026151938577050e-01
2.900000000000000000e+01 2.288537815824051025e-01
3.000000000000000000e+01 2.664620599333346052e-01
3.100000000000000000e+01 4.098843459457018334e-01
3.200000000000000000e+01 5.533066319580690617e-01
3.300000000000000000e+01 6.967289179704362345e-01
3.400000000000000000e+01 8.152625798992294559e-01
3.500000000000000000e+01 7.097986250758605564e-01
3.600000000000000000e+01 6.043346702524917680e-01
3.700000000000000000e+01 4.988707154291228685e-01
3.800000000000000000e+01 3.934067606057540245e-01
3.900000000000000000e+01 2.977394466964842779e-01
4.000000000000000000e+01 2.902419010141042977e-01
4.100000000000000000e+01 2.827443553317243174e-01
4.200000000000000000e+01 2.752468096493443372e-01
4.300000000000000000e+01 2.773718379052736438e-01
4.400000000000000000e+01 3.661000316059853654e-01
4.500000000000000000e+01 4.548282253066969760e-01
4.600000000000000000e+01 5.435564190074086977e-01
4.700000000000000000e+01 6.155761047368464300e-01
4.800000000000000000e+01 5.372192187248215900e-01
4.900000000000000000e+01 4.588623327127967499e-01
5.000000000000000000e+01 3.805054467007717989e-01
5.100000000000000000e+01 3.021485606887469588e-01
5.200000000000000000e+01 2.237916746767220633e-01
5.300000000000000000e+01 1.454347886646971677e-01
5.400000000000000000e+01 7.514355713663281588e-02
5.500000000000000000e+01 7.744321596421270548e-02
5.600000000000000000e+01 7.974287479179259508e-02
5.700000000000000000e+01 8.204253361937248468e-02
5.800000000000000000e+01 8.434219244695236040e-02
5.900000000000000000e+01 8.909894626216280367e-02
6.000000000000000000e+01 1.159695549660478969e-01
6.100000000000000000e+01 1.428401636699329902e-01
6.200000000000000000e+01 1.645851868899689263e-01
6.300000000000000000e+01 1.401999407553630173e-01
6.400000000000000000e+01 1.158146946207572747e-01
6.500000000000000000e+01 9.142944848615136566e-02
6.600000000000000000e+01 7.287938924962079901e-02
6.700000000000000000e+01 1.068460120957716863e-01
6.800000000000000000e+01 1.408126349419225598e-01
6.900000000000000000e+01 1.687533516648493659e-01
7.000000000000000000e+01 1.424609132787559018e-01
7.100000000000000000e+01 1.161684748926624655e-01
7.200000000000000000e+01 9.712782716825461848e-02
7.300000000000000000e+01 1.433532953990212799e-01
7.400000000000000000e+01 1.895787636297879275e-01
7.500000000000000000e+01 2.358042318605545751e-01
7.600000000000000000e+01 2.820297000913212226e-01
7.700000000000000000e+01 3.282551683220878980e-01
7.800000000000000000e+01 3.739144082049344342e-01
7.900000000000000000e+01 4.144775929564992190e-01
8.000000000000000000e+01 4.550407777080640592e-01
8.100000000000000000e+01 4.956039624596288440e-01
8.200000000000000000e+01 5.361671472111936287e-01
8.300000000000000000e+01 5.767303319627584690e-01
8.400000000000000000e+01 6.172935167143231983e-01
8.500000000000000000e+01 6.499796149822946179e-01
8.600000000000000000e+01 6.117719348979206995e-01
8.700000000000000000e+01 5.812715836413173687e-01
8.800000000000000000e+01 6.201371918346547663e-01
8.900000000000000000e+01 6.590028000279920528e-01
9.000000000000000000e+01 6.978684082213294504e-01
9.100000000000000000e+01 7.367340164146667369e-01
9.200000000000000000e+01 7.755996246080041345e-01
9.300000000000000000e+01 8.083727344189072239e-01
9.400000000000000000e+01 7.863133587878989861e-01
9.500000000000000000e+01 7.693183358265236471e-01
9.600000000000000000e+01 7.979024868918473956e-01
9.700000000000000000e+01 8.264866379571710331e-01
9.800000000000000000e+01 8.550707890224946706e-01
9.900000000000000000e+01 8.836549400878184191e-01
1.000000000000000000e+02 9.122390911531420565e-01
1.010000000000000000e+02 9.378833056434964233e-01
1.020000000000000000e+02 9.370680909591252439e-01
1.030000000000000000e+02 9.362528762747540645e-01
1.040000000000000000e+02 9.354376615903829961e-01
1.050000000000000000e+02 9.346224469060118167e-01
1.060000000000000000e+02 9.338072322216406373e-01
1.070000000000000000e+02 9.329920175372694580e-01
1.080000000000000000e+02 9.321768028528983896e-01
1.090000000000000000e+02 9.276584541464519829e-01
1.100000000000000000e+02 8.898118992413269757e-01
1.110000000000000000e+02 8.519653443362019685e-01
1.120000000000000000e+02 8.141187894310769613e-01
1.130000000000000000e+02 7.762722345259518431e-01
1.140000000000000000e+02 7.384256796208268359e-01
1.150000000000000000e+02 7.083582382177984194e-01
1.160000000000000000e+02 7.483028183336436490e-01
1.170000000000000000e+02 7.882473984494888786e-01
1.180000000000000000e+02 8.281919785653339972e-01
1.190000000000000000e+02 8.681365586811792268e-01
1.200000000000000000e+02 9.080811387970244564e-01
