0.000000000000000000e+00 1.420244184886179928e-01
1.000000000000000000e+00 1.593932086924142455e-01
2.000000000000000000e+00 1.767619988962104705e-01
3.000000000000000000e+00 1.941307891000067232e-01
4.000000000000000000e+00 2.114995793038029759e-01
5.000000000000000000e+00 2.278470911941651300e-01
6.000000000000000000e+00 2.350030982636204524e-01
7.000000000000000000e+00 2.421591053330758025e-01
8.000000000000000000e+00 2.493151124025311249e-01
9.000000000000000000e+00 2.546680524095623066e-01
1.000000000000000000e+01 2.437933888547762773e-01
1.100000000000000000e+01 2.329187252999902202e-01
1.200000000000000000e+01 2.220440617452041909e-01
1.300000000000000000e+01 2.111693981904181339e-01
1.400000000000000000e+01 1.985998747744999737e-01
1.500000000000000000e+01 1.707766126083929692e-01
1.600000000000000000e+01 1.429533504422859091e-01
1.700000000000000000e+01 1.151300882761788769e-01
1.800000000000000000e+01 9.344322368374866072e-02
1.900000000000000000e+01 1.269839372544087630e-01
2.000000000000000000e+01 1.605246508250688930e-01
2.100000000000000000e+01 1.940653643957289953e-01
2.200000000000000000e+01 2.276060779663890976e-01
2.300000000000000000e+01 2.611467915370492276e-01
2.400000000000000000e+01 2.921220060504600702e-01
2.500000000000000000e+01 3.000077290486279913e-01
2.600000000000000000e+01 3.078934520467959124e-01
2.700000000000000000e+01 3.138530655537022929e-01
2.800000000000000000e+01 3.024776936392547522e-01
2.900000000000000000e+01 2.911023217248072115e-01
3.000000000000000000e+01 2.797269498103597263e-01
3.100000000000000000e+01 2.683515778959121856e-01
3.200000000000000000e+01 2.753501858308533556e-01
3.300000000000000000e+01 4.477146124102905356e-01
3.400000000000000000e+01 6.200790389897277155e-01
3.500000000000000000e+01 7.553852147152503305e-01
3.600000000000000000e+01 5.571671327555489661e-01
3.700000000000000000e+01 3.589490507958474907e-01
3.800000000000000000e+01 1.794271276153252270e-01
3.900000000000000000e+01 1.681706334474124820e-01
4.000000000000000000e+01 1.569141392794997647e-01
4.100000000000000000e+01 1.456576451115870474e-01
4.200000000000000000e+01 1.344011509436743301e-01
4.300000000000000000e+01 1.325608176591664689e-01
4.400000000000000000e+01 2.154659323253012015e-01
4.500000000000000000e+01 2.983710469914359065e-01
4.600000000000000000e+01 3.659158513583551930e-01
4.700000000000000000e+01 2.952178630323379904e-01
4.800000000000000000e+01 2.245198747063208156e-01
4.900000000000000000e+01 1.538218863803036129e-01
5.000000000000000000e+01 9.538501055982934185e-02
5.100000000000000000e+01 1.472981472892397059e-01
5.200000000000000000e+01 1.992112840186500700e-01
5.300000000000000000e+01 2.511244207480604618e-01
5.400000000000000000e+01 3.030375574774708536e-01
5.500000000000000000e+01 3.449229197763872823e-01
5.600000000000000000e+01 2.965583122008603745e-01
5.700000000000000000e+01 2.481937046253334389e-01
5.800000000000000000e+01 2.132371027947851660e-01
5.900000000000000000e+01 2.989525526690429147e-01
6.000000000000000000e+01 3.846680025433006911e-01
6.100000000000000000e+01 4.703834524175584120e-01
6.200000000000000000e+01 5.439662826891308312e-01
6.300000000000000000e+01 5.083555365365366452e-01
6.400000000000000000e+01 4.727447903839427923e-01
6.500000000000000000e+01 4.371340442313486063e-01
6.600000000000000000e+01 4.138456478984773868e-01
6.700000000000000000e+01 5.014583999431193595e-01
6.800000000000000000e+01 5.890711519877613878e-01
6.900000000000000000e+01 6.766839040324033050e-01
7.000000000000000000e+01 7.469625073322545550e-01
7.100000000000000000e+01 6.612337719289783644e-01
7.200000000000000000e+01 5.755050365257022849e-01
7.300000000000000000e+01 4.897763011224261498e-01
7.400000000000000000e+01 4.104142923681970423e-01
7.500000000000000000e+01 3.883528234553946246e-01
7.600000000000000000e+01 3.662913545425922068e-01
7.700000000000000000e+01 3.442298856297897891e-01
7.800000000000000000e+01 3.279447862215898457e-01
7.900000000000000000e+01 3.636470123548156685e-01
8.000000000000000000e+01 3.993492384880414914e-01
8.100000000000000000e+01 4.350514646212672587e-01
8.200000000000000000e+01 4.649195935104388777e-01
8.300000000000000000e+01 4.422808472031197757e-01
8.400000000000000000e+01 4.196421008958006182e-01
8.500000000000000000e+01 3.970033545884814608e-01
8.600000000000000000e+01 3.726998330181227059e-01
8.700000000000000000e+01 3.334133340804062984e-01
8.800000000000000000e+01 2.941268351426898353e-01
8.900000000000000000e+01 2.548403362049734278e-01
9.000000000000000000e+01 2.155538372672570202e-01
9.100000000000000000e+01 1.830503769697010841e-01
9.200000000000000000e+01 2.115942644335931933e-01
9.300000000000000000e+01 2.401381518974853302e-01
9.400000000000000000e+01 2.686820393613774671e-01
9.500000000000000000e+01 2.972259268252695485e-01
9.600000000000000000e+01 3.345433909159294394e-01
9.700000000000000000e+01 4.508230446475043340e-01
9.800000000000000000e+01 5.671026983790791176e-01
9.900000000000000000e+01 6.833823521106539012e-01
1.000000000000000000e+02 7.793712832468846496e-01
1.010000000000000000e+02 6.927437110250059815e-01
1.020000000000000000e+02 6.061161388031274244e-01
1.030000000000000000e+02 5.246011520869767741e-01
1.040000000000000000e+02 4.890994349223805604e-01
1.050000000000000000e+02 4.535977177577843467e-01
1.060000000000000000e+02 4.240601110886518255e-01
1.070000000000000000e+02 4.481994988786959788e-01
1.080000000000000000e+02 4.723388866687401877e-01
1.090000000000000000e+02 4.978413939143392919e-01
1.100000000000000000e+02 5.356119762599337308e-01
1.110000000000000000e+02 5.733825586055282253e-01
1.120000000000000000e+02 6.111531409511227197e-01
1.130000000000000000e+02 6.396749682249469604e-01
1.140000000000000000e+02 5.849579998528348090e-01
1.150000000000000000e+02 5.302410314807225467e-01
1.160000000000000000e+02 4.755240631086102843e-01
1.170000000000000000e+02 4.208070947364981329e-01
1.180000000000000000e+02 3.660901263643858705e-01
1.190000000000000000e+02 3.113731579922736636e-01
1.200000000000000000e+02 2.566561896201614568e-01
