0.000000000000000000e+00 2.353091137348213568e-01
1.000000000000000000e+00 2.312187694630981338e-01
2.000000000000000000e+00 2.271284251913748831e-01
3.000000000000000000e+00 2.230380809196516323e-01
4.000000000000000000e+00 2.189477366479284093e-01
5.000000000000000000e+00 2.148573923762051585e-01
6.000000000000000000e+00 2.107670481044819355e-01
7.000000000000000000e+00 2.066767038327586847e-01
8.000000000000000000e+00 2.106452737829292710e-01
9.000000000000000000e+00 2.871440717301447787e-01
1.000000000000000000e+01 3.636428696773602587e-01
1.100000000000000000e+01 4.401416676245757387e-01
1.200000000000000000e+01 5.166404655717912187e-01
1.300000000000000000e+01 5.788838431370447735e-01
1.400000000000000000e+01 5.128284372646402245e-01
1.500000000000000000e+01 4.467730313922356200e-01
1.600000000000000000e+01 3.807176255198309600e-01
1.700000000000000000e+01 3.146622196474264110e-01
1.800000000000000000e+01 2.592189485587065856e-01
1.900000000000000000e+01 2.992848905231478840e-01
2.000000000000000000e+01 3.393508324875891269e-01
2.100000000000000000e+01 3.794167744520304253e-01
2.200000000000000000e+01 4.194827164164717237e-01
2.300000000000000000e+01 4.627786429862816298e-01
2.400000000000000000e+01 5.351444310044088937e-01
2.500000000000000000e+01 6.075102190225361021e-01
2.600000000000000000e+01 6.672928446331871655e-01
2.700000000000000000e+01 6.138270085765552553e-01
2.800000000000000000e+01 5.603611725199233451e-01
2.900000000000000000e+01 5.068953364632914349e-01
3.000000000000000000e+01 4.534295004066595247e-01
3.100000000000000000e+01 4.126941288342850789e-01
3.200000000000000000e+01 4.865329376202259248e-01
3.300000000000000000e+01 5.603717464061668263e-01
3.400000000000000000e+01 6.342105551921076723e-01
3.500000000000000000e+01 7.080493639780485182e-01
3.600000000000000000e+01 7.631736234142201258e-01
3.700000000000000000e+01 6.498669387024706978e-01
3.800000000000000000e+01 5.365602539907211588e-01
3.900000000000000000e+01 4.232535692789716197e-01
4.000000000000000000e+01 3.099468845672221362e-01
4.100000000000000000e+01 2.128266725962397465e-01
4.200000000000000000e+01 2.613847152921596750e-01
4.300000000000000000e+01 3.099427579880795758e-01
4.400000000000000000e+01 3.585008006839994765e-01
4.500000000000000000e+01 4.070588433799193773e-01
4.600000000000000000e+01 4.556168860758392780e-01
4.700000000000000000e+01 4.921903877152583040e-01
4.800000000000000000e+01 4.209030198461706229e-01
4.900000000000000000e+01 3.496156519770829973e-01
5.000000000000000000e+01 2.783282841079953718e-01
5.100000000000000000e+01 2.070409162389078017e-01
5.200000000000000000e+01 1.459381170809627148e-01
5.300000000000000000e+01 1.764964363232989220e-01
5.400000000000000000e+01 2.070547555656351013e-01
5.500000000000000000e+01 2.376130748079713084e-01
5.600000000000000000e+01 2.681713940503075433e-01
5.700000000000000000e+01 2.886229641318103223e-01
5.800000000000000000e+01 2.181137917658141634e-01
5.900000000000000000e+01 1.476046193998179767e-01
6.000000000000000000e+01 8.241518938654077142e-02
6.100000000000000000e+01 6.510344054773331557e-02
6.200000000000000000e+01 4.779169170892588053e-02
6.300000000000000000e+01 3.224522373315158452e-02
6.400000000000000000e+01 3.258628352467533157e-02
6.500000000000000000e+01 3.292734331619907862e-02
6.600000000000000000e+01 3.770121130593452607e-02
6.700000000000000000e+01 8.237035307957779606e-02
6.800000000000000000e+01 1.270394948532210522e-01
6.900000000000000000e+01 1.717086366268643083e-01
7.000000000000000000e+01 2.081804436291473659e-01
7.100000000000000000e+01 1.708762376891838075e-01
7.200000000000000000e+01 1.335720317492202769e-01
7.300000000000000000e+01 9.626782580925673238e-02
7.400000000000000000e+01 6.924001276394611826e-02
7.500000000000000000e+01 1.346997357705179144e-01
7.600000000000000000e+01 2.001594587770897382e-01
7.700000000000000000e+01 2.656191817836615621e-01
7.800000000000000000e+01 3.310789047902333304e-01
7.900000000000000000e+01 3.965386277968051543e-01
8.000000000000000000e+01 4.619983508033769781e-01
8.100000000000000000e+01 5.274580738099488020e-01
8.200000000000000000e+01 5.929177968165205703e-01
8.300000000000000000e+01 6.451969345290005098e-01
8.400000000000000000e+01 5.788508045946467728e-01
8.500000000000000000e+01 5.125046746602930359e-01
8.600000000000000000e+01 4.423109848255725729e-01
8.700000000000000000e+01 3.374892558875496329e-01
8.800000000000000000e+01 2.326675269495267484e-01
8.900000000000000000e+01 1.349624556365310313e-01
9.000000000000000000e+01 1.013073029487841642e-01
9.100000000000000000e+01 7.181709070043006127e-02
9.200000000000000000e+01 7.981134240661311163e-02
9.300000000000000000e+01 8.780559411279617588e-02
9.400000000000000000e+01 1.019913982140818881e-01
9.500000000000000000e+01 1.719011738712950543e-01
9.600000000000000000e+01 2.418109495285081789e-01
9.700000000000000000e+01 3.117207251857213590e-01
9.800000000000000000e+01 3.650230455798052498e-01
9.900000000000000000e+01 2.688582686057166549e-01
1.000000000000000000e+02 1.726934916316280877e-01
1.010000000000000000e+02 8.504287193723324145e-02
1.020000000000000000e+02 7.401966776008642168e-02
1.030000000000000000e+02 6.299646358293961579e-02
1.040000000000000000e+02 6.115008594585729512e-02
1.050000000000000000e+02 1.418951471693606636e-01
1.060000000000000000e+02 2.226402083928640252e-01
1.070000000000000000e+02 3.033852696163673590e-01
1.080000000000000000e+02 3.841303308398707483e-01
1.090000000000000000e+02 4.648753920633740822e-01
1.100000000000000000e+02 5.456204532868774715e-01
1.110000000000000000e+02 6.115500676904407351e-01
1.120000000000000000e+02 5.441406607145344854e-01
1.130000000000000000e+02 4.767312537386283466e-01
1.140000000000000000e+02 4.110965419655799313e-01
1.150000000000000000e+02 3.614340870182526921e-01
1.160000000000000000e+02 3.117716320709254529e-01
1.170000000000000000e+02 2.621091771235982137e-01
1.180000000000000000e+02 2.124467221762709745e-01
1.190000000000000000e+02 1.627842672289437354e-01
1.200000000000000000e+02 1.131218122816164962e-01
