0.000000000000000000e+00 7.729630481459438818e-02
1.000000000000000000e+00 7.291248870217850730e-02
2.000000000000000000e+00 6.852867258976262643e-02
3.000000000000000000e+00 6.414485647734674556e-02
4.000000000000000000e+00 6.113335876992007090e-02
5.000000000000000000e+00 7.047272670739637701e-02
6.000000000000000000e+00 7.981209464487268312e-02
7.000000000000000000e+00 8.915146258234898924e-02
8.000000000000000000e+00 9.849083051982529535e-02
9.000000000000000000e+00 1.078301984573016015e-01
1.000000000000000000e+01 1.250317386865092695e-01
1.100000000000000000e+01 2.129928295412996386e-01
1.200000000000000000e+01 3.009539203960899800e-01
1.300000000000000000e+01 3.730679962720976905e-01
1.400000000000000000e+01 3.025589373390609738e-01
1.500000000000000000e+01 2.320498784060242570e-01
1.600000000000000000e+01 1.615408194729874292e-01
1.700000000000000000e+01 9.766317910677874137e-02
1.800000000000000000e+01 9.346830584202167613e-02
1.900000000000000000e+01 8.927343257726461090e-02
2.000000000000000000e+01 8.507855931250753179e-02
2.100000000000000000e+01 8.088368604775046655e-02
2.200000000000000000e+01 7.948448058330692678e-02
2.300000000000000000e+01 1.032462853216847554e-01
2.400000000000000000e+01 1.270080900600625839e-01
2.500000000000000000e+01 1.507698947984404403e-01
2.600000000000000000e+01 1.745316995368182689e-01
2.700000000000000000e+01 1.915969793667006149e-01
2.800000000000000000e+01 1.483935350201245618e-01
2.900000000000000000e+01 1.051900906735485086e-01
3.000000000000000000e+01 6.198664632697245547e-02
3.100000000000000000e+01 2.337039592902259363e-02
3.200000000000000000e+01 2.603889106870804077e-02
3.300000000000000000e+01 2.870738620839348443e-02
3.400000000000000000e+01 3.137588134807893503e-02
3.500000000000000000e+01 3.404437648776437869e-02
3.600000000000000000e+01 3.945790679685469426e-02
3.700000000000000000e+01 6.957675363058848927e-02
3.800000000000000000e+01 9.969560046432229816e-02
3.900000000000000000e+01 1.298144472980561070e-01
4.000000000000000000e+01 1.599332941317899159e-01
4.100000000000000000e+01 1.900521409655236971e-01
4.200000000000000000e+01 2.201709877992575060e-01
4.300000000000000000e+01 2.453030214155120237e-01
4.400000000000000000e+01 2.255537360744535869e-01
4.500000000000000000e+01 2.058044507333951501e-01
4.600000000000000000e+01 1.860551653923367410e-01
4.700000000000000000e+01 1.663058800512783320e-01
4.800000000000000000e+01 1.465565947102198952e-01
4.900000000000000000e+01 1.296410058654965114e-01
5.000000000000000000e+01 1.382286854877881888e-01
5.100000000000000000e+01 1.468163651100798661e-01
5.200000000000000000e+01 1.544358434184440743e-01
5.300000000000000000e+01 1.533415099014613370e-01
5.400000000000000000e+01 1.522471763844786274e-01
5.500000000000000000e+01 1.511528428674958902e-01
5.600000000000000000e+01 1.500585093505131529e-01
5.700000000000000000e+01 1.489641758335304433e-01
5.800000000000000000e+01 1.451563690509657389e-01
5.900000000000000000e+01 1.169273028781637885e-01
6.000000000000000000e+01 9.445554453506301018e-02
6.100000000000000000e+01 1.237995566592720309e-01
6.200000000000000000e+01 1.531435687834810377e-01
6.300000000000000000e+01 1.824875809076900723e-01
6.400000000000000000e+01 2.118315930318988571e-01
6.500000000000000000e+01 2.403150865537309888e-01
6.600000000000000000e+01 2.610539126541707722e-01
6.700000000000000000e+01 2.817927387546105278e-01
6.800000000000000000e+01 3.025315648550502834e-01
6.900000000000000000e+01 3.232703909554900390e-01
7.000000000000000000e+01 3.465329032330796144e-01
7.100000000000000000e+01 3.925085911050193999e-01
7.200000000000000000e+01 4.356125342050714000e-01
7.300000000000000000e+01 4.528707743581313894e-01
7.400000000000000000e+01 4.722681460800287612e-01
7.500000000000000000e+01 5.109177019214633519e-01
7.600000000000000000e+01 5.495672577628978317e-01
7.700000000000000000e+01 5.882168136043324225e-01
7.800000000000000000e+01 6.207768470681472861e-01
7.900000000000000000e+01 5.985311791333809417e-01
8.000000000000000000e+01 5.762855111986145973e-01
8.100000000000000000e+01 5.540398432638482529e-01
8.200000000000000000e+01 5.317941753290819085e-01
8.300000000000000000e+01 5.095485073943155641e-01
8.400000000000000000e+01 4.873028394595492196e-01
8.500000000000000000e+01 4.602282372722417692e-01
8.600000000000000000e+01 3.896932268120609777e-01
8.700000000000000000e+01 3.191582163518802417e-01
8.800000000000000000e+01 2.486232058916995336e-01
8.900000000000000000e+01 1.839236329720657093e-01
9.000000000000000000e+01 1.717429979173571430e-01
9.100000000000000000e+01 1.595623628626485768e-01
9.200000000000000000e+01 1.473817278079400106e-01
9.300000000000000000e+01 1.352010927532314444e-01
9.400000000000000000e+01 1.250607285211100261e-01
9.500000000000000000e+01 1.332828016922741610e-01
9.600000000000000000e+01 1.576644158279073560e-01
9.700000000000000000e+01 3.274818986437713075e-01
9.800000000000000000e+01 4.972993814596352591e-01
9.900000000000000000e+01 6.400176821579469655e-01
1.000000000000000000e+02 5.388433437982738106e-01
1.010000000000000000e+02 4.376690054386006001e-01
1.020000000000000000e+02 3.364946670789274452e-01
1.030000000000000000e+02 2.503121448360586254e-01
1.040000000000000000e+02 2.990559676444381476e-01
1.050000000000000000e+02 3.477997904528177253e-01
1.060000000000000000e+02 3.965436132611972475e-01
1.070000000000000000e+02 4.452874360695767697e-01
1.080000000000000000e+02 4.766876338799567736e-01
1.090000000000000000e+02 3.519952067083310654e-01
1.100000000000000000e+02 2.273027795367054127e-01
1.110000000000000000e+02 1.194805479502420859e-01
1.120000000000000000e+02 1.634900766302499753e-01
1.130000000000000000e+02 2.074996053102578508e-01
1.140000000000000000e+02 2.515091339902657541e-01
1.150000000000000000e+02 2.955186626702736019e-01
1.160000000000000000e+02 3.328608560917105108e-01
1.170000000000000000e+02 3.101970321860049729e-01
1.180000000000000000e+02 2.875332082802994349e-01
1.190000000000000000e+02 2.648693843745938969e-01
1.200000000000000000e+02 2.422055604688883590e-01
