0.000000000000000000e+00 0.000000000000000000e+00
1.000000000000000000e+00 1.170349173304029503e-02
2.000000000000000000e+00 2.189340111585509965e-02
3.000000000000000000e+00 3.441288815602624312e-02
4.000000000000000000e+00 5.016392397334663855e-02
5.000000000000000000e+00 7.058311660667074272e-02
6.000000000000000000e+00 9.810675105646367300e-02
7.000000000000000000e+00 1.372234599901276664e-01
8.000000000000000000e+00 1.920573789277425503e-01
9.000000000000000000e+00 2.144913874384844488e-01
1.000000000000000000e+01 2.333841561463598502e-01
1.100000000000000000e+01 2.227581041006014284e-01
1.200000000000000000e+01 2.145602580213417099e-01
1.300000000000000000e+01 2.080436448915938541e-01
1.400000000000000000e+01 2.027391787002747470e-01
1.500000000000000000e+01 2.007811220804587848e-01
1.600000000000000000e+01 2.220190709231193993e-01
1.700000000000000000e+01 2.426196903052425802e-01
1.800000000000000000e+01 2.429795195901676974e-01
1.900000000000000000e+01 2.433032302386112511e-01
2.000000000000000000e+01 2.435960005857640553e-01
2.100000000000000000e+01 2.438620642243582715e-01
2.200000000000000000e+01 2.441049160566770293e-01
2.300000000000000000e+01 2.443274666717637211e-01
2.400000000000000000e+01 2.512735374393036958e-01
2.500000000000000000e+01 3.116001649005057383e-01
2.600000000000000000e+01 3.268863782224905035e-01
2.700000000000000000e+01 3.466039820436613850e-01
2.800000000000000000e+01 4.544479139508238452e-01
2.900000000000000000e+01 5.831357365506182333e-01
3.000000000000000000e+01 6.253495370063593128e-01
3.100000000000000000e+01 6.640361615152037267e-01
3.200000000000000000e+01 6.996199521289903078e-01
3.300000000000000000e+01 7.097208954815740212e-01
3.400000000000000000e+01 5.695767809005152227e-01
3.500000000000000000e+01 4.869256207755647825e-01
3.600000000000000000e+01 4.325551718863404060e-01
3.700000000000000000e+01 3.963335543702192765e-01
3.800000000000000000e+01 3.879148834090607734e-01
3.900000000000000000e+01 4.626048994223092570e-01
4.000000000000000000e+01 5.423179703206759683e-01
4.100000000000000000e+01 5.321129743689300140e-01
4.200000000000000000e+01 5.235309359523347972e-01
4.300000000000000000e+01 5.162132115989976899e-01
4.400000000000000000e+01 5.098995794491480993e-01
4.500000000000000000e+01 5.043966448579757511e-01
4.600000000000000000e+01 4.995576823312641301e-01
4.700000000000000000e+01 4.952693589899120341e-01
4.800000000000000000e+01 4.914427463669200913e-01
4.900000000000000000e+01 4.880070870963235663e-01
5.000000000000000000e+01 4.849053792647962102e-01
5.100000000000000000e+01 4.817647602808645124e-01
5.200000000000000000e+01 4.761610241030695967e-01
5.300000000000000000e+01 4.711357092344876096e-01
5.400000000000000000e+01 4.666036533903227257e-01
5.500000000000000000e+01 4.624956303664664592e-01
5.600000000000000000e+01 4.587547890580894183e-01
5.700000000000000000e+01 4.553340064891148176e-01
5.800000000000000000e+01 4.521938923778126007e-01
5.900000000000000000e+01 4.493012655112636478e-01
6.000000000000000000e+01 4.466279767138695012e-01
6.100000000000000000e+01 4.441499897862524748e-01
6.200000000000000000e+01 4.418466567764410269e-01
6.300000000000000000e+01 4.397001412758976269e-01
6.400000000000000000e+01 4.402384412653305157e-01
6.500000000000000000e+01 4.647886725502069494e-01
6.600000000000000000e+01 4.914413685380731311e-01
6.700000000000000000e+01 5.169234366996263708e-01
6.800000000000000000e+01 5.117093722388725840e-01
6.900000000000000000e+01 5.067329592240328306e-01
7.000000000000000000e+01 5.019783118386553777e-01
7.100000000000000000e+01 4.974309292567436480e-01
7.200000000000000000e+01 4.930775479259793537e-01
7.300000000000000000e+01 4.889060123618454434e-01
7.400000000000000000e+01 4.849051618017404808e-01
7.500000000000000000e+01 4.810647304933402535e-01
7.600000000000000000e+01 4.773752597414242516e-01
7.700000000000000000e+01 4.738280201266312774e-01
7.800000000000000000e+01 4.695144470379660206e-01
7.900000000000000000e+01 4.590152195276221980e-01
8.000000000000000000e+01 4.632703092943980527e-01
8.100000000000000000e+01 4.676709325442114928e-01
8.200000000000000000e+01 4.722246855320234582e-01
8.300000000000000000e+01 4.769397025316784444e-01
8.400000000000000000e+01 4.818247043272621544e-01
8.500000000000000000e+01 4.868890520453344473e-01
8.600000000000000000e+01 4.921428070271581245e-01
8.700000000000000000e+01 4.975967975466315529e-01
8.800000000000000000e+01 5.032626933048456319e-01
8.900000000000000000e+01 5.091530887797316440e-01
9.000000000000000000e+01 5.152815966836483685e-01
9.100000000000000000e+01 5.216629529885176142e-01
9.200000000000000000e+01 5.285325273311571870e-01
9.300000000000000000e+01 5.368227555654226935e-01
9.400000000000000000e+01 5.369148132368306570e-01
9.500000000000000000e+01 5.370118954117757415e-01
9.600000000000000000e+01 5.371144249868603504e-01
9.700000000000000000e+01 5.372228736870932053e-01
9.800000000000000000e+01 5.373377693226301099e-01
9.900000000000000000e+01 5.374597043793288842e-01
1.000000000000000000e+02 5.375893462381832189e-01
1.010000000000000000e+02 5.377274493957210355e-01
1.020000000000000000e+02 5.378748701578780489e-01
1.030000000000000000e+02 5.380325844118212242e-01
1.040000000000000000e+02 5.382017092551338866e-01
1.050000000000000000e+02 5.383835294958008166e-01
1.060000000000000000e+02 5.384733528617213771e-01
1.070000000000000000e+02 5.375781123416887297e-01
1.080000000000000000e+02 5.366112941540972514e-01
1.090000000000000000e+02 5.355639565005158031e-01
1.100000000000000000e+02 5.344256034682942635e-01
1.110000000000000000e+02 5.331838320557585886e-01
1.120000000000000000e+02 5.318238784171488431e-01
1.130000000000000000e+02 5.303280280797981749e-01
1.140000000000000000e+02 5.286748400563323624e-01
1.150000000000000000e+02 5.268381125360751538e-01
1.160000000000000000e+02 5.247854838378993581e-01
1.170000000000000000e+02 5.224765091961014463e-01
1.180000000000000000e+02 5.198599690046044053e-01
1.190000000000000000e+02 5.168700246468013182e-01
1.200000000000000000e+02 5.134206020725714525e-01
