0.000000000000000000e+00 0.000000000000000000e+00
1.000000000000000000e+00 1.247790978023687603e-01
2.000000000000000000e+00 1.763592671082207242e-01
3.000000000000000000e+00 2.280292509695466818e-01
4.000000000000000000e+00 2.797892841766840277e-01
5.000000000000000000e+00 3.316396023390592585e-01
6.000000000000000000e+00 3.835804418887625022e-01
7.000000000000000000e+00 4.356120400841418938e-01
8.000000000000000000e+00 4.877346350134149633e-01
9.000000000000000000e+00 5.399722950068248650e-01
1.000000000000000000e+01 5.899520521433676556e-01
1.100000000000000000e+01 6.357621473404554413e-01
1.200000000000000000e+01 6.779034799998231442e-01
1.300000000000000000e+01 7.167998081168321933e-01
1.400000000000000000e+01 7.426972139951275587e-01
1.500000000000000000e+01 6.822784580325850223e-01
1.600000000000000000e+01 6.309316074080995040e-01
1.700000000000000000e+01 5.867561193851280610e-01
1.800000000000000000e+01 5.483476774386545349e-01
1.900000000000000000e+01 5.152108370384615998e-01
2.000000000000000000e+01 4.897583907271438330e-01
2.100000000000000000e+01 4.655680862469580017e-01
2.200000000000000000e+01 4.425483139050068182e-01
2.300000000000000000e+01 4.255460686589730979e-01
2.400000000000000000e+01 4.554900614426086181e-01
2.500000000000000000e+01 4.898650433020431683e-01
2.600000000000000000e+01 5.297331163397334119e-01
2.700000000000000000e+01 5.765253053351575563e-01
2.800000000000000000e+01 6.159747087982212488e-01
2.900000000000000000e+01 5.220561281483250271e-01
3.000000000000000000e+01 4.407705258852385732e-01
3.100000000000000000e+01 3.710203032099247955e-01
3.200000000000000000e+01 3.206437680009756042e-01
3.300000000000000000e+01 2.761714546583298735e-01
3.400000000000000000e+01 2.366228441260478932e-01
3.500000000000000000e+01 2.001838017252399182e-01
3.600000000000000000e+01 1.584890605583778034e-01
3.700000000000000000e+01 1.222117811547304561e-01
3.800000000000000000e+01 1.009758650277749886e-01
3.900000000000000000e+01 9.713244193544259830e-02
4.000000000000000000e+01 9.257362233315816202e-02
4.100000000000000000e+01 8.707916845532133465e-02
4.200000000000000000e+01 8.136969348810223213e-02
4.300000000000000000e+01 8.477053020833233421e-02
4.400000000000000000e+01 8.917978788309374738e-02
4.500000000000000000e+01 9.312659482782791043e-02
4.600000000000000000e+01 8.056062101313654633e-02
4.700000000000000000e+01 6.891625575561177719e-02
4.800000000000000000e+01 5.809569716672507989e-02
4.900000000000000000e+01 4.841988556068890087e-02
5.000000000000000000e+01 4.291124115226110924e-02
5.100000000000000000e+01 3.795549816744136357e-02
5.200000000000000000e+01 3.488302885139787229e-02
5.300000000000000000e+01 3.167603005504852215e-02
5.400000000000000000e+01 2.832546835956224404e-02
5.500000000000000000e+01 2.491395406284689640e-02
5.600000000000000000e+01 2.219430454494810204e-02
5.700000000000000000e+01 1.934414504461019410e-02
5.800000000000000000e+01 1.694573186013853885e-02
5.900000000000000000e+01 1.988761334871688019e-02
6.000000000000000000e+01 2.298161942726052037e-02
6.100000000000000000e+01 2.623986280559628681e-02
6.200000000000000000e+01 2.972481150784076279e-02
6.300000000000000000e+01 3.372344111257303406e-02
6.400000000000000000e+01 3.657004260218712360e-02
6.500000000000000000e+01 3.966245427989555788e-02
6.600000000000000000e+01 4.549694320667070635e-02
6.700000000000000000e+01 5.114950620982701424e-02
6.800000000000000000e+01 5.411579236091813155e-02
6.900000000000000000e+01 4.298203839071903370e-02
7.000000000000000000e+01 3.240128485966151800e-02
7.100000000000000000e+01 2.409096106731889453e-02
7.200000000000000000e+01 3.161829228424763855e-02
7.300000000000000000e+01 3.879767324870361106e-02
7.400000000000000000e+01 4.414797292514932581e-02
7.500000000000000000e+01 3.601864400765550367e-02
7.600000000000000000e+01 2.932946402470101507e-02
7.700000000000000000e+01 3.251465472192607842e-02
7.800000000000000000e+01 3.556786249586246784e-02
7.900000000000000000e+01 3.785620149236935961e-02
8.000000000000000000e+01 3.434009942006707727e-02
8.100000000000000000e+01 3.142841998360795114e-02
8.200000000000000000e+01 3.367611359447300612e-02
8.300000000000000000e+01 3.590385610458006471e-02
8.400000000000000000e+01 3.811191197678419351e-02
8.500000000000000000e+01 4.025961350291346746e-02
8.600000000000000000e+01 4.200236466357475801e-02
8.700000000000000000e+01 4.393041818084581634e-02
8.800000000000000000e+01 4.788652393271480845e-02
8.900000000000000000e+01 5.173383731998829754e-02
9.000000000000000000e+01 5.547678513716306631e-02
9.100000000000000000e+01 5.911955722251847206e-02
9.200000000000000000e+01 6.266612210340989642e-02
9.300000000000000000e+01 6.612024141812088140e-02
9.400000000000000000e+01 6.958177184994587816e-02
9.500000000000000000e+01 7.380741075412658447e-02
9.600000000000000000e+01 7.792086103123900542e-02
9.700000000000000000e+01 8.192653197796397058e-02
9.800000000000000000e+01 8.582860481693495303e-02
9.900000000000000000e+01 8.963104725509568604e-02
1.000000000000000000e+02 9.424211033154725192e-02
1.010000000000000000e+02 1.082547580412230731e-01
1.020000000000000000e+02 1.251487427210483672e-01
1.030000000000000000e+02 1.459146127867377851e-01
1.040000000000000000e+02 1.720557230678609606e-01
1.050000000000000000e+02 2.059694190575480088e-01
1.060000000000000000e+02 2.444490989491393540e-01
1.070000000000000000e+02 2.276595819647607433e-01
1.080000000000000000e+02 2.151059266610162723e-01
1.090000000000000000e+02 2.053646841136654577e-01
1.100000000000000000e+02 1.975859534756364277e-01
1.110000000000000000e+02 1.912309443250641838e-01
1.120000000000000000e+02 1.859415574231488011e-01
1.130000000000000000e+02 1.857686232203962506e-01
1.140000000000000000e+02 2.302897762527019720e-01
1.150000000000000000e+02 2.885182984085887803e-01
1.160000000000000000e+02 3.679364539303634496e-01
1.170000000000000000e+02 4.826834082804670745e-01
1.180000000000000000e+02 6.630761196163339477e-01
1.190000000000000000e+02 9.880174995389001680e-01
1.200000000000000000e+02 1.747388669487459634e+00
