0.000000000000000000e+00 0.000000000000000000e+00
1.000000000000000000e+00 5.824479919558640528e-01
2.000000000000000000e+00 5.701626307841056729e-01
3.000000000000000000e+00 5.602370060217266579e-01
4.000000000000000000e+00 5.520508137994715181e-01
5.000000000000000000e+00 5.451836469871877977e-01
6.000000000000000000e+00 5.393404762944244979e-01
7.000000000000000000e+00 5.343081540132141871e-01
8.000000000000000000e+00 5.299288506257546771e-01
9.000000000000000000e+00 5.260832023330221929e-01
1.000000000000000000e+01 5.226792656133676385e-01
1.100000000000000000e+01 5.196450711130210509e-01
1.200000000000000000e+01 5.169234789758349047e-01
1.300000000000000000e+01 5.144685463857727736e-01
1.400000000000000000e+01 5.117716896779113123e-01
1.500000000000000000e+01 5.052637053574118298e-01
1.600000000000000000e+01 4.948085337924893468e-01
1.700000000000000000e+01 4.505874466435274006e-01
1.800000000000000000e+01 4.156308267193586925e-01
1.900000000000000000e+01 3.873033254411668569e-01
2.000000000000000000e+01 3.638825547788377412e-01
2.100000000000000000e+01 3.441952531575576124e-01
2.200000000000000000e+01 3.274146017009874066e-01
2.300000000000000000e+01 3.129411421741526977e-01
2.400000000000000000e+01 3.003296536701862141e-01
2.500000000000000000e+01 2.892425450508105400e-01
2.600000000000000000e+01 2.794191848777252130e-01
2.700000000000000000e+01 2.706551535152464383e-01
2.800000000000000000e+01 2.622772295528326691e-01
2.900000000000000000e+01 2.503427831647013213e-01
3.000000000000000000e+01 2.417020920717350696e-01
3.100000000000000000e+01 2.537769556495780288e-01
3.200000000000000000e+01 2.670294569675309981e-01
3.300000000000000000e+01 2.816407067580802281e-01
3.400000000000000000e+01 2.978309601812736962e-01
3.500000000000000000e+01 3.158707965238145565e-01
3.600000000000000000e+01 3.360963625381280795e-01
3.700000000000000000e+01 3.589305137942666035e-01
3.800000000000000000e+01 3.849127000022773970e-01
3.900000000000000000e+01 4.147421258915850450e-01
4.000000000000000000e+01 4.493416178438202624e-01
4.100000000000000000e+01 4.868080433484416325e-01
4.200000000000000000e+01 4.984169708528675136e-01
4.300000000000000000e+01 5.014301380821445386e-01
4.400000000000000000e+01 5.045860878243002556e-01
4.500000000000000000e+01 5.078952152519303764e-01
4.600000000000000000e+01 5.113689497187680066e-01
4.700000000000000000e+01 5.150198866490425242e-01
4.800000000000000000e+01 5.188619401389800156e-01
4.900000000000000000e+01 5.229105201672220593e-01
5.000000000000000000e+01 5.271827391719527967e-01
5.100000000000000000e+01 5.316976538336448677e-01
5.200000000000000000e+01 5.364765492679063330e-01
5.300000000000000000e+01 5.415432745685979654e-01
5.400000000000000000e+01 5.469246408621071254e-01
5.500000000000000000e+01 5.526508958948426198e-01
5.600000000000000000e+01 5.575160931655511742e-01
5.700000000000000000e+01 5.512555753271770609e-01
5.800000000000000000e+01 5.447187713862461367e-01
5.900000000000000000e+01 5.378869792835608843e-01
6.000000000000000000e+01 5.307397700485092518e-01
6.100000000000000000e+01 5.232547837645168398e-01
6.200000000000000000e+01 5.154074959063743577e-01
6.300000000000000000e+01 5.071709489055507003e-01
6.400000000000000000e+01 4.985154427530131827e-01
6.500000000000000000e+01 4.894081771566666794e-01
6.600000000000000000e+01 4.798128361664359964e-01
6.700000000000000000e+01 4.696891041784321819e-01
6.800000000000000000e+01 4.597503517249355576e-01
6.900000000000000000e+01 4.561890261862274198e-01
7.000000000000000000e+01 4.526893328800310479e-01
7.100000000000000000e+01 4.511382845171844624e-01
7.200000000000000000e+01 4.349293791989656821e-01
7.300000000000000000e+01 4.181701541838386826e-01
7.400000000000000000e+01 4.008320990594793076e-01
7.500000000000000000e+01 3.828846994213964683e-01
7.600000000000000000e+01 3.642952576481639504e-01
7.700000000000000000e+01 3.450286940918275147e-01
7.800000000000000000e+01 3.250473261403427627e-01
7.900000000000000000e+01 3.043106222243587844e-01
8.000000000000000000e+01 2.827749273894412108e-01
8.100000000000000000e+01 2.603931565238424839e-01
8.200000000000000000e+01 2.363549424888972128e-01
8.300000000000000000e+01 2.070228341497596936e-01
8.400000000000000000e+01 1.921717440493034001e-01
8.500000000000000000e+01 1.776663076932902263e-01
8.600000000000000000e+01 1.634945964503986549e-01
8.700000000000000000e+01 1.496452243287206274e-01
8.800000000000000000e+01 1.361073174665577146e-01
8.900000000000000000e+01 1.228704856587375521e-01
9.000000000000000000e+01 1.099247957617521532e-01
9.100000000000000000e+01 9.726074683465567305e-02
9.200000000000000000e+01 8.486924688497590741e-02
9.300000000000000000e+01 7.274159110002828554e-02
9.400000000000000000e+01 6.281424483705842776e-02
9.500000000000000000e+01 7.182722747862475832e-02
9.600000000000000000e+01 8.418719762830041697e-02
9.700000000000000000e+01 1.021836182618727634e-01
9.800000000000000000e+01 1.308107919463215030e-01
9.900000000000000000e+01 1.701366202848049736e-01
1.000000000000000000e+02 1.257908815232713640e-01
1.010000000000000000e+02 9.927717642754628480e-02
1.020000000000000000e+02 8.164025874890105949e-02
1.030000000000000000e+02 6.906145263535259926e-02
1.040000000000000000e+02 5.963771388319317329e-02
1.050000000000000000e+02 5.231427301815332748e-02
1.060000000000000000e+02 4.730435144175386408e-02
1.070000000000000000e+02 5.045542806510956713e-02
1.080000000000000000e+02 5.364812345317434422e-02
1.090000000000000000e+02 5.688326762529282571e-02
1.100000000000000000e+02 6.016171281971813278e-02
1.110000000000000000e+02 6.348433424209742881e-02
1.120000000000000000e+02 6.685203084441970756e-02
1.130000000000000000e+02 7.026572613588204230e-02
1.140000000000000000e+02 7.372636902721069196e-02
1.150000000000000000e+02 7.723493471005847544e-02
1.160000000000000000e+02 8.079242557319052387e-02
1.170000000000000000e+02 8.439987215726628411e-02
1.180000000000000000e+02 8.805833415012830068e-02
1.190000000000000000e+02 9.176890142461684163e-02
1.200000000000000000e+02 9.553269512104552164e-02
