0.000000000000000000e+00 0.000000000000000000e+00
1.000000000000000000e+00 5.883837133487562765e-02
2.000000000000000000e+00 8.488762278973800701e-02
3.000000000000000000e+00 1.082245741610692591e-01
4.000000000000000000e+00 1.285370838658451142e-01
5.000000000000000000e+00 1.408042477327438313e-01
6.000000000000000000e+00 1.519666716017272212e-01
7.000000000000000000e+00 1.670426002178464764e-01
8.000000000000000000e+00 2.229394148519262264e-01
9.000000000000000000e+00 2.744014239452307602e-01
1.000000000000000000e+01 3.139028239301731582e-01
1.100000000000000000e+01 2.828561450704780711e-01
1.200000000000000000e+01 2.569118273286749576e-01
1.300000000000000000e+01 2.394114378417240840e-01
1.400000000000000000e+01 2.670771176176164885e-01
1.500000000000000000e+01 3.019598612320061326e-01
1.600000000000000000e+01 3.406945694664820778e-01
1.700000000000000000e+01 3.230496543128063003e-01
1.800000000000000000e+01 2.759675097419924672e-01
1.900000000000000000e+01 2.324908247986075260e-01
2.000000000000000000e+01 1.922207233694768203e-01
2.100000000000000000e+01 1.571330564322770962e-01
2.200000000000000000e+01 1.446008534597215123e-01
2.300000000000000000e+01 1.329008811383108613e-01
2.400000000000000000e+01 1.219529042003341252e-01
2.500000000000000000e+01 1.138506418219465272e-01
2.600000000000000000e+01 1.258034764457139354e-01
2.700000000000000000e+01 1.440298357566392184e-01
2.800000000000000000e+01 1.624393188927900078e-01
2.900000000000000000e+01 1.744509978320487320e-01
3.000000000000000000e+01 1.856852119411674384e-01
3.100000000000000000e+01 1.936715976908502945e-01
3.200000000000000000e+01 2.013651178667434094e-01
3.300000000000000000e+01 2.087815917528856036e-01
3.400000000000000000e+01 2.159357194684260461e-01
3.500000000000000000e+01 2.241989830949006890e-01
3.600000000000000000e+01 2.441914163787700098e-01
3.700000000000000000e+01 2.635122820674262734e-01
3.800000000000000000e+01 2.821948592502112052e-01
3.900000000000000000e+01 2.965047381120061720e-01
4.000000000000000000e+01 2.763592354129428830e-01
4.100000000000000000e+01 2.556506392469806710e-01
4.200000000000000000e+01 2.355906910852400560e-01
4.300000000000000000e+01 2.261144933811952418e-01
4.400000000000000000e+01 2.161269837164504493e-01
4.500000000000000000e+01 2.055856309802006898e-01
4.600000000000000000e+01 1.927845781271768089e-01
4.700000000000000000e+01 1.638675611902133122e-01
4.800000000000000000e+01 1.332015068629345267e-01
4.900000000000000000e+01 1.034794509087217512e-01
5.000000000000000000e+01 9.838154290815992464e-02
5.100000000000000000e+01 9.294452277033586618e-02
5.200000000000000000e+01 8.713338983684686123e-02
5.300000000000000000e+01 8.090815515039376238e-02
5.400000000000000000e+01 7.421402170733559789e-02
5.500000000000000000e+01 6.695213154159167235e-02
5.600000000000000000e+01 5.916983260447187393e-02
5.700000000000000000e+01 5.080910487811925169e-02
5.800000000000000000e+01 4.335017546892325907e-02
5.900000000000000000e+01 4.977622292061856246e-02
6.000000000000000000e+01 5.673982581681718401e-02
6.100000000000000000e+01 6.431138042127218513e-02
6.200000000000000000e+01 7.166821767213781003e-02
6.300000000000000000e+01 7.118556055723271325e-02
6.400000000000000000e+01 7.065441567632520237e-02
6.500000000000000000e+01 7.006708998102044450e-02
6.600000000000000000e+01 7.082488223500452151e-02
6.700000000000000000e+01 8.393959693327550375e-02
6.800000000000000000e+01 9.652027751511171871e-02
6.900000000000000000e+01 1.064186239438680431e-01
7.000000000000000000e+01 9.669114754902076447e-02
7.100000000000000000e+01 8.733697466539241949e-02
7.200000000000000000e+01 7.946725418427530441e-02
7.300000000000000000e+01 8.209652729048703967e-02
7.400000000000000000e+01 8.657541608639067465e-02
7.500000000000000000e+01 9.111488543910581384e-02
7.600000000000000000e+01 9.775022228591302709e-02
7.700000000000000000e+01 1.229084853268187366e-01
7.800000000000000000e+01 1.484140809440911146e-01
7.900000000000000000e+01 1.742742519953876246e-01
8.000000000000000000e+01 2.029591488037468805e-01
8.100000000000000000e+01 2.529596867855001263e-01
8.200000000000000000e+01 2.886907780297352510e-01
8.300000000000000000e+01 3.212686494999703046e-01
8.400000000000000000e+01 3.531874840953941330e-01
8.500000000000000000e+01 4.006034491170674672e-01
8.600000000000000000e+01 4.443241705514824891e-01
8.700000000000000000e+01 4.847654166988759616e-01
8.800000000000000000e+01 5.227795543191195993e-01
8.900000000000000000e+01 5.630907840524363994e-01
9.000000000000000000e+01 6.017518790726303912e-01
9.100000000000000000e+01 6.363014290805818485e-01
9.200000000000000000e+01 6.467327250337214783e-01
9.300000000000000000e+01 6.583821487828022123e-01
9.400000000000000000e+01 6.688459028154495334e-01
9.500000000000000000e+01 6.782962363123373750e-01
9.600000000000000000e+01 6.897946888875831073e-01
9.700000000000000000e+01 7.293039984907518924e-01
9.800000000000000000e+01 7.730155360365494888e-01
9.900000000000000000e+01 8.216373837800888813e-01
1.000000000000000000e+02 8.649180603044912541e-01
1.010000000000000000e+02 8.087051517233796449e-01
1.020000000000000000e+02 7.480897555490124695e-01
1.030000000000000000e+02 6.825336020274553883e-01
1.040000000000000000e+02 6.225358056393611728e-01
1.050000000000000000e+02 6.629380558457418360e-01
1.060000000000000000e+02 7.187298736873578564e-01
1.070000000000000000e+02 7.823286554651202040e-01
1.080000000000000000e+02 8.554963198706065919e-01
1.090000000000000000e+02 9.227622399367523265e-01
1.100000000000000000e+02 8.441342927497752502e-01
1.110000000000000000e+02 7.779155980088807709e-01
1.120000000000000000e+02 7.213833299158992629e-01
1.130000000000000000e+02 6.725569577527468201e-01
1.140000000000000000e+02 6.381402966046330061e-01
1.150000000000000000e+02 6.813009191834270561e-01
1.160000000000000000e+02 7.273945453526723393e-01
1.170000000000000000e+02 7.767306615543392301e-01
1.180000000000000000e+02 8.296638836647683979e-01
1.190000000000000000e+02 8.866024942094505867e-01
1.200000000000000000e+02 9.480189937839869074e-01
