0.000000000000000000e+00 0.000000000000000000e+00
1.000000000000000000e+00 1.922946835060372339e-01
2.000000000000000000e+00 2.129258545776231137e-01
3.000000000000000000e+00 2.375701248636447882e-01
4.000000000000000000e+00 2.675245649114728619e-01
5.000000000000000000e+00 3.047127045640527498e-01
6.000000000000000000e+00 3.521146803572708373e-01
7.000000000000000000e+00 4.146082265338980610e-01
8.000000000000000000e+00 5.007649913071759995e-01
9.000000000000000000e+00 6.271639276995081280e-01
1.000000000000000000e+01 7.940628553733852790e-01
1.100000000000000000e+01 7.016677343496905417e-01
1.200000000000000000e+01 6.304277831149931455e-01
1.300000000000000000e+01 5.738236836887082859e-01
1.400000000000000000e+01 5.277653021601577121e-01
1.500000000000000000e+01 4.895566713494989286e-01
1.600000000000000000e+01 4.573486144472334591e-01
1.700000000000000000e+01 4.298304847833049336e-01
1.800000000000000000e+01 4.087048992339458731e-01
1.900000000000000000e+01 4.129419804392762683e-01
2.000000000000000000e+01 4.171481115628145608e-01
2.100000000000000000e+01 4.213236304863569592e-01
2.200000000000000000e+01 4.254688701913288407e-01
2.300000000000000000e+01 4.295841588473017780e-01
2.400000000000000000e+01 4.336698198986003727e-01
2.500000000000000000e+01 4.377261721490437463e-01
2.600000000000000000e+01 4.417535298448715397e-01
2.700000000000000000e+01 4.457522027558964428e-01
2.800000000000000000e+01 4.497224962549298821e-01
2.900000000000000000e+01 4.536647113955221133e-01
3.000000000000000000e+01 4.575791449880588502e-01
3.100000000000000000e+01 4.614660896742548424e-01
3.200000000000000000e+01 4.653258340000833160e-01
3.300000000000000000e+01 4.694681709721087448e-01
3.400000000000000000e+01 4.823539634437884471e-01
3.500000000000000000e+01 5.594347056550994512e-01
3.600000000000000000e+01 6.614907393275530900e-01
3.700000000000000000e+01 8.030073241302313480e-01
3.800000000000000000e+01 1.012355928446165620e+00
3.900000000000000000e+01 1.353679093371595199e+00
4.000000000000000000e+01 1.842645857183146552e+00
4.100000000000000000e+01 1.330877977516533361e+00
4.200000000000000000e+01 1.048725377308254325e+00
4.300000000000000000e+01 8.699706056796722153e-01
4.400000000000000000e+01 7.465783363372936465e-01
4.500000000000000000e+01 6.562776984933701430e-01
4.600000000000000000e+01 5.873307573907622370e-01
4.700000000000000000e+01 5.329640175462624363e-01
4.800000000000000000e+01 4.890532521959334300e-01
4.900000000000000000e+01 4.557274222298035582e-01
5.000000000000000000e+01 4.475040796980411795e-01
5.100000000000000000e+01 4.398031367692444293e-01
5.200000000000000000e+01 4.325763466433277249e-01
5.300000000000000000e+01 4.257812262641675338e-01
5.400000000000000000e+01 4.193802205815730932e-01
5.500000000000000000e+01 4.133400081325961928e-01
5.600000000000000000e+01 4.076309208271772233e-01
5.700000000000000000e+01 4.022264566102959349e-01
5.800000000000000000e+01 3.971028681065090771e-01
5.900000000000000000e+01 3.922388137758323068e-01
6.000000000000000000e+01 3.876150607719867081e-01
6.100000000000000000e+01 3.832142307785470492e-01
6.200000000000000000e+01 3.785296730019151457e-01
6.300000000000000000e+01 3.697440100774049276e-01
6.400000000000000000e+01 3.613533596792435909e-01
6.500000000000000000e+01 3.526683150610138706e-01
6.600000000000000000e+01 3.387960740861296616e-01
6.700000000000000000e+01 3.259684906427608997e-01
6.800000000000000000e+01 3.140718437884466030e-01
6.900000000000000000e+01 3.030083407495712811e-01
7.000000000000000000e+01 2.926934225699491798e-01
7.100000000000000000e+01 2.830535987819836619e-01
7.200000000000000000e+01 2.740246937575571695e-01
7.300000000000000000e+01 2.655504162283456870e-01
7.400000000000000000e+01 2.575811845652284382e-01
7.500000000000000000e+01 2.500731560114076157e-01
7.600000000000000000e+01 2.450906731133436489e-01
7.700000000000000000e+01 2.597869213221133400e-01
7.800000000000000000e+01 2.726725828487258085e-01
7.900000000000000000e+01 2.873751096958881424e-01
8.000000000000000000e+01 3.043079112961816213e-01
8.100000000000000000e+01 3.240201136040675722e-01
8.200000000000000000e+01 3.447762358744052569e-01
8.300000000000000000e+01 3.450621290855143686e-01
8.400000000000000000e+01 3.453582842039939482e-01
8.500000000000000000e+01 3.456652638414846046e-01
8.600000000000000000e+01 3.459836725023183179e-01
8.700000000000000000e+01 3.463141605567007786e-01
8.800000000000000000e+01 3.466574286748264067e-01
8.900000000000000000e+01 3.470142327855405551e-01
9.000000000000000000e+01 3.473853896334004321e-01
9.100000000000000000e+01 3.498977700992106366e-01
9.200000000000000000e+01 3.735771233625630461e-01
9.300000000000000000e+01 4.009434867248511392e-01
9.400000000000000000e+01 4.342413319213269673e-01
9.500000000000000000e+01 4.756334609560166071e-01
9.600000000000000000e+01 5.284796612961975004e-01
9.700000000000000000e+01 5.982977545861147828e-01
9.800000000000000000e+01 6.948277149647310580e-01
9.900000000000000000e+01 8.370253487609128351e-01
1.000000000000000000e+02 1.021977190637343824e+00
1.010000000000000000e+02 8.811078940737615550e-01
1.020000000000000000e+02 7.690102065114143848e-01
1.030000000000000000e+02 6.776862701133061773e-01
1.040000000000000000e+02 6.018511486431284974e-01
1.050000000000000000e+02 5.378724498777055496e-01
1.060000000000000000e+02 4.831712410393292911e-01
1.070000000000000000e+02 4.358659637078159399e-01
1.080000000000000000e+02 3.945516373358408102e-01
1.090000000000000000e+02 3.581579550772743259e-01
1.100000000000000000e+02 3.258552333357899178e-01
1.110000000000000000e+02 2.969903898045784807e-01
1.120000000000000000e+02 2.710423297033782708e-01
1.130000000000000000e+02 2.475902061712670355e-01
1.140000000000000000e+02 2.262904194405568614e-01
1.150000000000000000e+02 2.068596709196038330e-01
1.160000000000000000e+02 1.890622907483706094e-01
1.170000000000000000e+02 1.727006322272030547e-01
1.180000000000000000e+02 1.576077007711898514e-01
1.190000000000000000e+02 1.436414335763910866e-01
1.200000000000000000e+02 1.306802142350531326e-01
