0.000000000000000000e+00 0.000000000000000000e+00
1.000000000000000000e+00 9.381581408849173909e-02
2.000000000000000000e+00 1.269605264178248205e-01
3.000000000000000000e+00 1.572002466744134297e-01
4.000000000000000000e+00 1.849008560669452295e-01
5.000000000000000000e+00 2.071488802654708750e-01
6.000000000000000000e+00 1.998125967449857765e-01
7.000000000000000000e+00 1.930234063197887040e-01
8.000000000000000000e+00 1.867223107890855494e-01
9.000000000000000000e+00 1.808585007041520476e-01
1.000000000000000000e+01 1.742552909615773249e-01
1.100000000000000000e+01 1.582352621509315049e-01
1.200000000000000000e+01 1.433619365153252501e-01
1.300000000000000000e+01 1.293649935078425295e-01
1.400000000000000000e+01 1.166131437391689091e-01
1.500000000000000000e+01 1.084552708991011610e-01
1.600000000000000000e+01 1.007390500476141038e-01
1.700000000000000000e+01 9.342956111844091804e-02
1.800000000000000000e+01 8.649547087528855482e-02
1.900000000000000000e+01 8.120282934929574925e-02
2.000000000000000000e+01 8.745248053937799970e-02
2.100000000000000000e+01 9.265065377192727158e-02
2.200000000000000000e+01 9.752208573597166696e-02
2.300000000000000000e+01 1.031543918679264926e-01
2.400000000000000000e+01 1.176918341662539225e-01
2.500000000000000000e+01 1.313942300095628235e-01
2.600000000000000000e+01 1.443315196375181408e-01
2.700000000000000000e+01 1.572282724325042014e-01
2.800000000000000000e+01 1.752454383650755287e-01
2.900000000000000000e+01 1.923343218445746350e-01
3.000000000000000000e+01 2.085648617805112570e-01
3.100000000000000000e+01 2.287672443952554480e-01
3.200000000000000000e+01 3.032624439696710028e-01
3.300000000000000000e+01 3.730053756331507819e-01
3.400000000000000000e+01 5.027446005698198439e-01
3.500000000000000000e+01 7.384914601762266884e-01
3.600000000000000000e+01 4.786388758693461143e-01
3.700000000000000000e+01 3.278801043241473812e-01
3.800000000000000000e+01 2.294332788293606817e-01
3.900000000000000000e+01 1.624011223010247695e-01
4.000000000000000000e+01 1.307090711681743733e-01
4.100000000000000000e+01 1.073704368505720430e-01
4.200000000000000000e+01 9.677568049456602983e-02
4.300000000000000000e+01 8.665308373551039445e-02
4.400000000000000000e+01 7.911555024320184037e-02
4.500000000000000000e+01 7.172027413171942756e-02
4.600000000000000000e+01 6.583092278657293184e-02
4.700000000000000000e+01 7.224557387377404660e-02
4.800000000000000000e+01 7.854249293510427721e-02
4.900000000000000000e+01 8.472489170918298673e-02
5.000000000000000000e+01 9.085947141193617682e-02
5.100000000000000000e+01 9.751439153014335171e-02
5.200000000000000000e+01 1.041641792037739239e-01
5.300000000000000000e+01 1.108088403679479417e-01
5.400000000000000000e+01 1.189849811982757327e-01
5.500000000000000000e+01 1.409788992803614471e-01
5.600000000000000000e+01 1.629558812135699641e-01
5.700000000000000000e+01 1.849159465525851698e-01
5.800000000000000000e+01 2.106763935017770539e-01
5.900000000000000000e+01 2.762697283167739881e-01
6.000000000000000000e+01 3.537302239851426999e-01
6.100000000000000000e+01 4.465986972977930569e-01
6.200000000000000000e+01 5.411838496178550395e-01
6.300000000000000000e+01 4.893952618401071208e-01
6.400000000000000000e+01 4.524216492403118073e-01
6.500000000000000000e+01 4.247014060490751919e-01
6.600000000000000000e+01 4.077976030000492469e-01
6.700000000000000000e+01 4.380919444927188211e-01
6.800000000000000000e+01 4.755661454691661461e-01
6.900000000000000000e+01 5.231158163637957825e-01
7.000000000000000000e+01 5.836365179725441221e-01
7.100000000000000000e+01 6.305428142117300849e-01
7.200000000000000000e+01 5.449514527230341354e-01
7.300000000000000000e+01 4.710302218616898573e-01
7.400000000000000000e+01 4.096742192275559802e-01
7.500000000000000000e+01 3.817382665684962983e-01
7.600000000000000000e+01 3.563152120680919133e-01
7.700000000000000000e+01 3.330805882221428704e-01
7.800000000000000000e+01 3.100515635702000283e-01
7.900000000000000000e+01 2.797158636313799018e-01
8.000000000000000000e+01 3.064642278508716844e-01
8.100000000000000000e+01 3.402457692927030042e-01
8.200000000000000000e+01 3.272717025552023262e-01
8.300000000000000000e+01 3.331433855877463102e-01
8.400000000000000000e+01 3.399272402228071810e-01
8.500000000000000000e+01 3.478537277549302864e-01
8.600000000000000000e+01 3.572380840583060935e-01
8.700000000000000000e+01 3.590885097181877317e-01
8.800000000000000000e+01 2.941303761553548668e-01
8.900000000000000000e+01 2.498527224970800986e-01
9.000000000000000000e+01 2.177357980013968908e-01
9.100000000000000000e+01 1.942574095109037557e-01
9.200000000000000000e+01 1.858254751079830569e-01
9.300000000000000000e+01 2.056558464191818036e-01
9.400000000000000000e+01 2.276415624892977607e-01
9.500000000000000000e+01 2.534975196558444943e-01
9.600000000000000000e+01 3.028403195711030227e-01
9.700000000000000000e+01 4.151141905740130533e-01
9.800000000000000000e+01 5.647803273094421650e-01
9.900000000000000000e+01 7.369562198957383403e-01
1.000000000000000000e+02 6.449212867953976192e-01
1.010000000000000000e+02 5.894563105008261417e-01
1.020000000000000000e+02 5.523774238947527504e-01
1.030000000000000000e+02 5.222684766927589983e-01
1.040000000000000000e+02 4.753934762334912079e-01
1.050000000000000000e+02 4.431358496791789614e-01
1.060000000000000000e+02 4.204042170293235126e-01
1.070000000000000000e+02 4.092026712944353828e-01
1.080000000000000000e+02 3.998349973950569569e-01
1.090000000000000000e+02 3.918849196781640232e-01
1.100000000000000000e+02 3.941116334652681186e-01
1.110000000000000000e+02 5.141768227481942066e-01
1.120000000000000000e+02 7.348038492885167194e-01
1.130000000000000000e+02 6.453254235798391303e-01
1.140000000000000000e+02 5.670699228474050946e-01
1.150000000000000000e+02 5.061070005886560974e-01
1.160000000000000000e+02 4.461492499515916088e-01
1.170000000000000000e+02 3.871720139370076197e-01
1.180000000000000000e+02 3.291514354578584656e-01
1.190000000000000000e+02 2.720644251622024723e-01
1.200000000000000000e+02 2.158886307969649920e-01
