0.000000000000000000e+00 0.000000000000000000e+00
1.000000000000000000e+00 3.561752717934238976e-01
2.000000000000000000e+00 3.735440717884896955e-01
3.000000000000000000e+00 3.898842476265212409e-01
4.000000000000000000e+00 4.052845479256629302e-01
5.000000000000000000e+00 4.198237972003615592e-01
6.000000000000000000e+00 4.335722453108135643e-01
7.000000000000000000e+00 4.456452469512180992e-01
8.000000000000000000e+00 4.488119425988853495e-01
9.000000000000000000e+00 4.518596482889060129e-01
1.000000000000000000e+01 4.547949469909463027e-01
1.100000000000000000e+01 4.576239448747736471e-01
1.200000000000000000e+01 4.603523137103592289e-01
1.300000000000000000e+01 4.629853288224586305e-01
1.400000000000000000e+01 4.648684348051118076e-01
1.500000000000000000e+01 4.578281808547952636e-01
1.600000000000000000e+01 4.264904636872214327e-01
1.700000000000000000e+01 3.995868721985372241e-01
1.800000000000000000e+01 3.762384792791591548e-01
1.900000000000000000e+01 3.557842539610697186e-01
2.000000000000000000e+01 3.377174784546334574e-01
2.100000000000000000e+01 3.227618983239226580e-01
2.200000000000000000e+01 3.178923319985015872e-01
2.300000000000000000e+01 3.054962282799563167e-01
2.400000000000000000e+01 2.935801015889520915e-01
2.500000000000000000e+01 2.821166043156346226e-01
2.600000000000000000e+01 2.710804277041686805e-01
2.700000000000000000e+01 2.604481153252287129e-01
2.800000000000000000e+01 2.501978966582227293e-01
2.900000000000000000e+01 2.399995595010485372e-01
3.000000000000000000e+01 2.274135868959378248e-01
3.100000000000000000e+01 2.154596790950429885e-01
3.200000000000000000e+01 2.056016094840638075e-01
3.300000000000000000e+01 1.958918987772761966e-01
3.400000000000000000e+01 1.863272228990887069e-01
3.500000000000000000e+01 1.769043563417877218e-01
3.600000000000000000e+01 1.678434907329378611e-01
3.700000000000000000e+01 1.609102197841719151e-01
3.800000000000000000e+01 1.540775076204082827e-01
3.900000000000000000e+01 1.473431822656289247e-01
4.000000000000000000e+01 1.407051338469026691e-01
4.100000000000000000e+01 1.341613123905051608e-01
4.200000000000000000e+01 1.277097257112291828e-01
4.300000000000000000e+01 1.214718767450043702e-01
4.400000000000000000e+01 1.165512619182930698e-01
4.500000000000000000e+01 1.127915040460354956e-01
4.600000000000000000e+01 1.090016005323795334e-01
4.700000000000000000e+01 1.051811873575146800e-01
4.800000000000000000e+01 1.013298946170450576e-01
4.900000000000000000e+01 9.744734640259747338e-02
5.000000000000000000e+01 9.366490979280639451e-02
5.100000000000000000e+01 9.104211823616721599e-02
5.200000000000000000e+01 8.839777889593310178e-02
5.300000000000000000e+01 8.573162513513749028e-02
5.400000000000000000e+01 8.304338589936115234e-02
5.500000000000000000e+01 8.033278562487010388e-02
5.600000000000000000e+01 7.759954414445170701e-02
5.700000000000000000e+01 7.484337659088124983e-02
5.800000000000000000e+01 7.316580658124893777e-02
5.900000000000000000e+01 8.290965225096753877e-02
6.000000000000000000e+01 9.657313216293177127e-02
6.100000000000000000e+01 1.171168339801499231e-01
6.200000000000000000e+01 1.448666542577830008e-01
6.300000000000000000e+01 1.255819291168273344e-01
6.400000000000000000e+01 1.099080033842829845e-01
6.500000000000000000e+01 9.712774958385836377e-02
6.600000000000000000e+01 8.810541089900805756e-02
6.700000000000000000e+01 8.184413538361476337e-02
6.800000000000000000e+01 9.000543327342698519e-02
6.900000000000000000e+01 1.003353722965892592e-01
7.000000000000000000e+01 1.122704954777114378e-01
7.100000000000000000e+01 1.119916624827413942e-01
7.200000000000000000e+01 1.126753285100280250e-01
7.300000000000000000e+01 1.222421861280189592e-01
7.400000000000000000e+01 1.320938282865309621e-01
7.500000000000000000e+01 1.422431632352409159e-01
7.600000000000000000e+01 1.527038913033368916e-01
7.700000000000000000e+01 1.640727480165539709e-01
7.800000000000000000e+01 1.805906505260723161e-01
7.900000000000000000e+01 1.923734082919758004e-01
8.000000000000000000e+01 2.038426496299287349e-01
8.100000000000000000e+01 2.150107233508995463e-01
8.200000000000000000e+01 2.258893381422880375e-01
8.300000000000000000e+01 2.376748407576750322e-01
8.400000000000000000e+01 2.596949886078306902e-01
8.500000000000000000e+01 2.811657670020488164e-01
8.600000000000000000e+01 3.021074815513756229e-01
8.700000000000000000e+01 3.225394493404004082e-01
8.800000000000000000e+01 3.424800583587728209e-01
8.900000000000000000e+01 3.619576413243545399e-01
9.000000000000000000e+01 3.820391978289925383e-01
9.100000000000000000e+01 4.110367106249900870e-01
9.200000000000000000e+01 4.408422907891645370e-01
9.300000000000000000e+01 4.714901929606044595e-01
9.400000000000000000e+01 5.030166356379661696e-01
9.500000000000000000e+01 5.354599439640084224e-01
9.600000000000000000e+01 5.548572484106105707e-01
9.700000000000000000e+01 4.713137639023129988e-01
9.800000000000000000e+01 4.149046361996078791e-01
9.900000000000000000e+01 3.742571700106207544e-01
1.000000000000000000e+02 3.435750486252714953e-01
1.010000000000000000e+02 3.195937159807587524e-01
1.020000000000000000e+02 3.047292942251954018e-01
1.030000000000000000e+02 3.333899838069258048e-01
1.040000000000000000e+02 3.668514020829481970e-01
1.050000000000000000e+02 4.064300024362833552e-01
1.060000000000000000e+02 4.539719906297135510e-01
1.070000000000000000e+02 5.121496022131433179e-01
1.080000000000000000e+02 5.849812631550974640e-01
1.090000000000000000e+02 6.542157627639865192e-01
1.100000000000000000e+02 5.391792053112467453e-01
1.110000000000000000e+02 4.562742616972964016e-01
1.120000000000000000e+02 3.936883233605403820e-01
1.130000000000000000e+02 3.447669375199305386e-01
1.140000000000000000e+02 3.054754283478762766e-01
1.150000000000000000e+02 2.732251969940976410e-01
1.160000000000000000e+02 2.462791339393486101e-01
1.170000000000000000e+02 2.234281130437699436e-01
1.180000000000000000e+02 2.038045611466399731e-01
1.190000000000000000e+02 1.867698111551644169e-01
1.200000000000000000e+02 1.718432786148229308e-01
