0.000000000000000000e+00 0.000000000000000000e+00
1.000000000000000000e+00 1.592103591326850531e-01
2.000000000000000000e+00 1.659665191663191042e-01
3.000000000000000000e+00 1.740368625019820814e-01
4.000000000000000000e+00 1.838461452605233970e-01
5.000000000000000000e+00 1.960242723272895282e-01
6.000000000000000000e+00 2.115471591890294989e-01
7.000000000000000000e+00 2.320121341327004427e-01
8.000000000000000000e+00 2.602261840656249769e-01
9.000000000000000000e+00 3.016184753410269259e-01
1.000000000000000000e+01 3.527053673521884924e-01
1.100000000000000000e+01 2.918419077998887778e-01
1.200000000000000000e+01 2.449139981609276817e-01
1.300000000000000000e+01 2.076271665863194948e-01
1.400000000000000000e+01 1.772871182141935453e-01
1.500000000000000000e+01 1.521179379574036927e-01
1.600000000000000000e+01 1.309015171463254745e-01
1.700000000000000000e+01 1.127744931952887192e-01
1.800000000000000000e+01 9.836108443690147474e-02
1.900000000000000000e+01 9.619876338161581497e-02
2.000000000000000000e+01 9.405223716487091934e-02
2.100000000000000000e+01 9.192133335454014120e-02
2.200000000000000000e+01 8.980588201931662129e-02
2.300000000000000000e+01 8.770571568353956182e-02
2.400000000000000000e+01 8.562066928299641444e-02
2.500000000000000000e+01 8.355058012167596027e-02
2.600000000000000000e+01 8.149528782944906458e-02
2.700000000000000000e+01 7.976881865582485798e-02
2.800000000000000000e+01 8.087222736736913997e-02
2.900000000000000000e+01 8.196783264943965919e-02
3.000000000000000000e+01 8.305571699043816369e-02
3.100000000000000000e+01 8.413596172022540232e-02
3.200000000000000000e+01 8.520864703038941168e-02
3.300000000000000000e+01 8.627385199408986460e-02
3.400000000000000000e+01 8.843097708873617901e-02
3.500000000000000000e+01 1.027776963910272123e-01
3.600000000000000000e+01 1.264930588207112960e-01
3.700000000000000000e+01 1.593781022388987278e-01
3.800000000000000000e+01 2.080256720772018508e-01
3.900000000000000000e+01 2.873409488969224657e-01
4.000000000000000000e+01 4.032217698126616123e-01
4.100000000000000000e+01 2.996870204677949401e-01
4.200000000000000000e+01 2.426052849774846532e-01
4.300000000000000000e+01 2.068584323365953159e-01
4.400000000000000000e+01 1.853521425320709681e-01
4.500000000000000000e+01 1.696134605436861453e-01
4.600000000000000000e+01 1.575965578285425661e-01
4.700000000000000000e+01 1.481208680705503322e-01
4.800000000000000000e+01 1.404573874512234088e-01
4.900000000000000000e+01 1.348536492265370035e-01
5.000000000000000000e+01 1.361991005488051021e-01
5.100000000000000000e+01 1.378099316978449174e-01
5.200000000000000000e+01 1.423820368365232847e-01
5.300000000000000000e+01 1.466810415484605112e-01
5.400000000000000000e+01 1.507307054330039031e-01
5.500000000000000000e+01 1.545521096657958005e-01
5.600000000000000000e+01 1.581640240775151474e-01
5.700000000000000000e+01 1.615832154733179149e-01
5.800000000000000000e+01 1.648247078812167810e-01
5.900000000000000000e+01 1.687735027077508776e-01
6.000000000000000000e+01 1.801769602654415825e-01
6.100000000000000000e+01 1.910306278396095847e-01
6.200000000000000000e+01 2.013733297025188107e-01
6.300000000000000000e+01 2.112403186792702614e-01
6.400000000000000000e+01 2.206636775877330592e-01
6.500000000000000000e+01 2.292414754879109340e-01
6.600000000000000000e+01 2.335654178982956575e-01
6.700000000000000000e+01 2.380842052044402080e-01
6.800000000000000000e+01 2.467892367024604738e-01
6.900000000000000000e+01 2.548846390129800299e-01
7.000000000000000000e+01 2.624322857366909179e-01
7.100000000000000000e+01 2.694859514239407727e-01
7.200000000000000000e+01 2.760925947573739103e-01
7.300000000000000000e+01 2.822934052645799108e-01
7.400000000000000000e+01 2.881246628863271542e-01
7.500000000000000000e+01 2.923274909568728819e-01
7.600000000000000000e+01 2.874689842404392626e-01
7.700000000000000000e+01 3.061901595960790923e-01
7.800000000000000000e+01 3.273771622690306304e-01
7.900000000000000000e+01 3.515515110183465852e-01
8.000000000000000000e+01 3.793929464017802289e-01
8.100000000000000000e+01 4.118043582741467978e-01
8.200000000000000000e+01 4.443708473756090571e-01
8.300000000000000000e+01 4.289244318599813588e-01
8.400000000000000000e+01 4.129235796558776705e-01
8.500000000000000000e+01 3.963378936330424485e-01
8.600000000000000000e+01 3.791347132569493628e-01
8.700000000000000000e+01 3.612788999232291465e-01
8.800000000000000000e+01 3.427325973885680388e-01
8.900000000000000000e+01 3.240123295060133857e-01
9.000000000000000000e+01 3.096562065433902666e-01
9.100000000000000000e+01 2.965123595189158578e-01
9.200000000000000000e+01 2.995813862232813984e-01
9.300000000000000000e+01 3.032505650297863675e-01
9.400000000000000000e+01 3.077150145541813764e-01
9.500000000000000000e+01 3.132647151336705460e-01
9.600000000000000000e+01 3.203501344027762654e-01
9.700000000000000000e+01 3.313090799157049626e-01
9.800000000000000000e+01 3.635940429046077838e-01
9.900000000000000000e+01 4.111528042074485412e-01
1.000000000000000000e+02 4.674346895191086038e-01
1.010000000000000000e+02 3.715341579274227257e-01
1.020000000000000000e+02 2.952206667006412322e-01
1.030000000000000000e+02 2.330494607581815592e-01
1.040000000000000000e+02 1.830685481446603646e-01
1.050000000000000000e+02 1.545567592905540688e-01
1.060000000000000000e+02 1.301794376732058334e-01
1.070000000000000000e+02 1.090980761421398160e-01
1.080000000000000000e+02 9.068655210526764543e-02
1.090000000000000000e+02 7.446788864066346270e-02
1.100000000000000000e+02 6.007234138073846291e-02
1.110000000000000000e+02 4.772785893685854014e-02
1.120000000000000000e+02 4.106570834831910211e-02
1.130000000000000000e+02 3.504438814239249633e-02
1.140000000000000000e+02 2.957567926202413558e-02
1.150000000000000000e+02 2.458684494493999090e-02
1.160000000000000000e+02 2.001737708029768109e-02
1.170000000000000000e+02 1.581652998339904553e-02
1.180000000000000000e+02 1.194142788365430523e-02
1.190000000000000000e+02 8.355596231937722357e-03
1.200000000000000000e+02 5.027810080436958921e-03
