0.000000000000000000e+00 0.000000000000000000e+00
1.000000000000000000e+00 2.792184735103738630e-02
2.000000000000000000e+00 4.816257358246926745e-02
3.000000000000000000e+00 6.451552004309638044e-02
4.000000000000000000e+00 7.800266733425148535e-02
5.000000000000000000e+00 8.931665651940712269e-02
6.000000000000000000e+00 9.894356261213373138e-02
7.000000000000000000e+00 1.072345567618592094e-01
8.000000000000000000e+00 1.144496707264136409e-01
9.000000000000000000e+00 1.207855621330500007e-01
1.000000000000000000e+01 1.247680683822510184e-01
1.100000000000000000e+01 1.144818038534444055e-01
1.200000000000000000e+01 1.052552968976711856e-01
1.300000000000000000e+01 9.741418558945784401e-02
1.400000000000000000e+01 9.443563067989507731e-02
1.500000000000000000e+01 9.172287001632503656e-02
1.600000000000000000e+01 8.843700256887873645e-02
1.700000000000000000e+01 7.934624174724370926e-02
1.800000000000000000e+01 7.366703746572511591e-02
1.900000000000000000e+01 8.134188859547566985e-02
2.000000000000000000e+01 8.768734513299906996e-02
2.100000000000000000e+01 9.302128220023149485e-02
2.200000000000000000e+01 9.947877304009547506e-02
2.300000000000000000e+01 1.210655699904837901e-01
2.400000000000000000e+01 1.398752844939532280e-01
2.500000000000000000e+01 1.564114251512452869e-01
2.600000000000000000e+01 1.710627171270000801e-01
2.700000000000000000e+01 1.871054963053238318e-01
2.800000000000000000e+01 2.268816261562142667e-01
2.900000000000000000e+01 2.627859187811562580e-01
3.000000000000000000e+01 2.903055158277115244e-01
3.100000000000000000e+01 2.700027965793850848e-01
3.200000000000000000e+01 2.477199929798317157e-01
3.300000000000000000e+01 2.231525847890649672e-01
3.400000000000000000e+01 1.959302341851608120e-01
3.500000000000000000e+01 1.667979808276165432e-01
3.600000000000000000e+01 1.455902271042313345e-01
3.700000000000000000e+01 1.216472108257252299e-01
3.800000000000000000e+01 9.440328569133497882e-02
3.900000000000000000e+01 6.616180339403901489e-02
4.000000000000000000e+01 6.291786186821043958e-02
4.100000000000000000e+01 5.873045974541612341e-02
4.200000000000000000e+01 5.063451444514371902e-02
4.300000000000000000e+01 4.216381229735038233e-02
4.400000000000000000e+01 3.329171585362920155e-02
4.500000000000000000e+01 2.491837392062084058e-02
4.600000000000000000e+01 2.470089744011792765e-02
4.700000000000000000e+01 2.446467636026159256e-02
4.800000000000000000e+01 2.414543151958020370e-02
4.900000000000000000e+01 2.380902592567394477e-02
5.000000000000000000e+01 2.371935200580829045e-02
5.100000000000000000e+01 2.608023668441018447e-02
5.200000000000000000e+01 2.857915900228190711e-02
5.300000000000000000e+01 3.147033335249867225e-02
5.400000000000000000e+01 3.678429438970154397e-02
5.500000000000000000e+01 4.243882420116371762e-02
5.600000000000000000e+01 4.855986730617194158e-02
5.700000000000000000e+01 5.585833823596479675e-02
5.800000000000000000e+01 6.347890170504492946e-02
5.900000000000000000e+01 7.276858147264546328e-02
6.000000000000000000e+01 9.468947450497958163e-02
6.100000000000000000e+01 1.176463487595078433e-01
6.200000000000000000e+01 1.417144223355059074e-01
6.300000000000000000e+01 1.653920863442857325e-01
6.400000000000000000e+01 1.756528938250846439e-01
6.500000000000000000e+01 1.864492467262053310e-01
6.600000000000000000e+01 1.978241963684641280e-01
6.700000000000000000e+01 2.082307721648406218e-01
6.800000000000000000e+01 2.048051683965249059e-01
6.900000000000000000e+01 2.042990730542443567e-01
7.000000000000000000e+01 2.037430709560030528e-01
7.100000000000000000e+01 2.024131318491109999e-01
7.200000000000000000e+01 1.942159963537488654e-01
7.300000000000000000e+01 1.834614933895161448e-01
7.400000000000000000e+01 1.723355514046898684e-01
7.500000000000000000e+01 1.608185891087713926e-01
7.600000000000000000e+01 1.495368360273921227e-01
7.700000000000000000e+01 1.437751367839260330e-01
7.800000000000000000e+01 1.377996740464819125e-01
7.900000000000000000e+01 1.315983267789558042e-01
8.000000000000000000e+01 1.226770598741236673e-01
8.100000000000000000e+01 9.063786384803496077e-02
8.200000000000000000e+01 6.119045623429392872e-02
8.300000000000000000e+01 6.596160299120296111e-02
8.400000000000000000e+01 7.062039553316365459e-02
8.500000000000000000e+01 7.347972341721904777e-02
8.600000000000000000e+01 6.122904490770862684e-02
8.700000000000000000e+01 5.175835380131903890e-02
8.800000000000000000e+01 6.475959494513265635e-02
8.900000000000000000e+01 7.684615459938455573e-02
9.000000000000000000e+01 8.309891238350215759e-02
9.100000000000000000e+01 8.921563780620737905e-02
9.200000000000000000e+01 9.520072229253483120e-02
9.300000000000000000e+01 1.010583702599937711e-01
9.400000000000000000e+01 1.074749715806624234e-01
9.500000000000000000e+01 1.221322471894409345e-01
9.600000000000000000e+01 1.422325287726514675e-01
9.700000000000000000e+01 1.714990332903987003e-01
9.800000000000000000e+01 2.180536968551802790e-01
9.900000000000000000e+01 2.809656568154954570e-01
1.000000000000000000e+02 2.013184391873650003e-01
1.010000000000000000e+02 1.536984671480434161e-01
1.020000000000000000e+02 1.220216598634848576e-01
1.030000000000000000e+02 9.942947996057856230e-02
1.040000000000000000e+02 8.269431675519021974e-02
1.050000000000000000e+02 7.121124698397654496e-02
1.060000000000000000e+02 6.269992551916958590e-02
1.070000000000000000e+02 6.103521930888575198e-02
1.080000000000000000e+02 5.934852600518690513e-02
1.090000000000000000e+02 5.812832137391388959e-02
1.100000000000000000e+02 6.132146078086792712e-02
1.110000000000000000e+02 6.455762694165342874e-02
1.120000000000000000e+02 6.771208093036512610e-02
1.130000000000000000e+02 6.977136974413060411e-02
1.140000000000000000e+02 7.185897938297956811e-02
1.150000000000000000e+02 7.397549812474307762e-02
1.160000000000000000e+02 7.478906761005293946e-02
1.170000000000000000e+02 6.353769474834224107e-02
1.180000000000000000e+02 5.212720840495713159e-02
1.190000000000000000e+02 4.055420934295483892e-02
1.200000000000000000e+02 2.881520080433646117e-02
