0.000000000000000000e+00 -8.873731386835269352e-02
1.000000000000000000e+00 1.241980051118479755e-02
2.000000000000000000e+00 1.135769148907222886e-01
3.000000000000000000e+00 2.147340292702597797e-01
4.000000000000000000e+00 3.158911436497972014e-01
5.000000000000000000e+00 4.170482580293347064e-01
6.000000000000000000e+00 5.182053724088722113e-01
7.000000000000000000e+00 6.193624867884096608e-01
8.000000000000000000e+00 7.205196011679472212e-01
9.000000000000000000e+00 8.216767155474846707e-01
1.000000000000000000e+01 9.228338299270222311e-01
1.100000000000000000e+01 1.023990944306559570e+00
1.200000000000000000e+01 1.125148058686097130e+00
1.300000000000000000e+01 1.226305173065634468e+00
1.400000000000000000e+01 1.327462287445172029e+00
1.500000000000000000e+01 1.428619401824709589e+00
1.600000000000000000e+01 1.529776516204247150e+00
1.700000000000000000e+01 1.630933630583784710e+00
1.800000000000000000e+01 1.732090744963322271e+00
1.900000000000000000e+01 1.833247859342859609e+00
2.000000000000000000e+01 1.934404973722397170e+00
2.100000000000000000e+01 2.035562088101934730e+00
2.200000000000000000e+01 2.136719202481472291e+00
2.300000000000000000e+01 2.265756139380604939e+00
2.400000000000000000e+01 2.645711478956089824e+00
2.500000000000000000e+01 3.025666818531574709e+00
2.600000000000000000e+01 3.405622158107059150e+00
2.700000000000000000e+01 3.785577497682544035e+00
2.800000000000000000e+01 4.165532837258028920e+00
2.900000000000000000e+01 4.545488176833513805e+00
3.000000000000000000e+01 4.925443516408998690e+00
3.100000000000000000e+01 5.305398855984483575e+00
3.200000000000000000e+01 5.685354195559968460e+00
3.300000000000000000e+01 6.065309535135453345e+00
3.400000000000000000e+01 6.445264874710938230e+00
3.500000000000000000e+01 6.825220214286423115e+00
3.600000000000000000e+01 7.205175553861908000e+00
3.700000000000000000e+01 7.581947520774940941e+00
3.800000000000000000e+01 7.930069133725926811e+00
3.900000000000000000e+01 8.278190746676912681e+00
4.000000000000000000e+01 8.626312359627899440e+00
4.100000000000000000e+01 8.974433972578884422e+00
4.200000000000000000e+01 9.322555585529871180e+00
4.300000000000000000e+01 9.670677198480856163e+00
4.400000000000000000e+01 1.001879881143184292e+01
4.500000000000000000e+01 1.036692042438282790e+01
4.600000000000000000e+01 1.071504203733381466e+01
4.700000000000000000e+01 1.106316365028479964e+01
4.800000000000000000e+01 1.141128526323578640e+01
4.900000000000000000e+01 1.175940687618677138e+01
5.000000000000000000e+01 1.210752848913775637e+01
5.100000000000000000e+01 1.242212716676965201e+01
5.200000000000000000e+01 1.243501942652973291e+01
5.300000000000000000e+01 1.244791168628981382e+01
5.400000000000000000e+01 1.246080394604989294e+01
5.500000000000000000e+01 1.247369620580997385e+01
5.600000000000000000e+01 1.248658846557005475e+01
5.700000000000000000e+01 1.249948072533013566e+01
5.800000000000000000e+01 1.251237298509021478e+01
5.900000000000000000e+01 1.252526524485029569e+01
6.000000000000000000e+01 1.253815750461037659e+01
6.100000000000000000e+01 1.255104976437045572e+01
6.200000000000000000e+01 1.256394202413053662e+01
6.300000000000000000e+01 1.257683428389061753e+01
6.400000000000000000e+01 1.258972654365069843e+01
6.500000000000000000e+01 1.258537431473574841e+01
6.600000000000000000e+01 1.242582168774552898e+01
6.700000000000000000e+01 1.226626906075530954e+01
6.800000000000000000e+01 1.210671643376509010e+01
6.900000000000000000e+01 1.194716380677487244e+01
7.000000000000000000e+01 1.178761117978465300e+01
7.100000000000000000e+01 1.162805855279443357e+01
7.200000000000000000e+01 1.146850592580421413e+01
7.300000000000000000e+01 1.130895329881399469e+01
7.400000000000000000e+01 1.114940067182377526e+01
7.500000000000000000e+01 1.098984804483355582e+01
7.600000000000000000e+01 1.083029541784333638e+01
7.700000000000000000e+01 1.067074279085311694e+01
7.800000000000000000e+01 1.051119016386289751e+01
7.900000000000000000e+01 1.035163753687267807e+01
8.000000000000000000e+01 1.019208490988245863e+01
8.100000000000000000e+01 1.003768908237420732e+01
8.200000000000000000e+01 9.929704450203660215e+00
8.300000000000000000e+01 9.821719818033113114e+00
8.400000000000000000e+01 9.713735185862566013e+00
8.500000000000000000e+01 9.605750553692020688e+00
8.600000000000000000e+01 9.497765921521473587e+00
8.700000000000000000e+01 9.389781289350926485e+00
8.800000000000000000e+01 9.281796657180379384e+00
8.900000000000000000e+01 9.173812025009834059e+00
9.000000000000000000e+01 9.065827392839286958e+00
9.100000000000000000e+01 8.957842760668739857e+00
9.200000000000000000e+01 8.849858128498192755e+00
9.300000000000000000e+01 8.741873496327647430e+00
9.400000000000000000e+01 8.633888864157100329e+00
9.500000000000000000e+01 8.525904231986553228e+00
9.600000000000000000e+01 8.417919599816006127e+00
9.700000000000000000e+01 8.311136118627402425e+00
9.800000000000000000e+01 8.215162996276273333e+00
9.900000000000000000e+01 8.119189873925144241e+00
1.000000000000000000e+02 8.023216751574016925e+00
1.010000000000000000e+02 7.927243629222887833e+00
1.020000000000000000e+02 7.831270506871759629e+00
1.030000000000000000e+02 7.735297384520631425e+00
1.040000000000000000e+02 7.639324262169503221e+00
1.050000000000000000e+02 7.543351139818374129e+00
1.060000000000000000e+02 7.447378017467245925e+00
1.070000000000000000e+02 7.351404895116117721e+00
1.080000000000000000e+02 7.255431772764989518e+00
1.090000000000000000e+02 7.159458650413860425e+00
1.100000000000000000e+02 7.063485528062732222e+00
1.110000000000000000e+02 6.967512405711604018e+00
1.120000000000000000e+02 6.871539283360474926e+00
1.130000000000000000e+02 6.775566161009346722e+00
1.140000000000000000e+02 6.679593038658218518e+00
1.150000000000000000e+02 6.583619916307090314e+00
1.160000000000000000e+02 6.487646793955962110e+00
1.170000000000000000e+02 6.391673671604833018e+00
1.180000000000000000e+02 6.295700549253704814e+00
1.190000000000000000e+02 6.199727426902576610e+00
1.200000000000000000e+02 6.103754304551447518e+00
