0.000000000000000000e+00 4.347405360123479112e-01
1.000000000000000000e+00 6.110378969605438915e-01
2.000000000000000000e+00 7.873352579087398162e-01
3.000000000000000000e+00 9.636326188569357409e-01
4.000000000000000000e+00 1.139929979805131666e+00
5.000000000000000000e+00 1.316227340753327368e+00
6.000000000000000000e+00 1.492524701701523515e+00
7.000000000000000000e+00 1.668822062649719218e+00
8.000000000000000000e+00 1.816026925414369941e+00
9.000000000000000000e+00 1.701399304527112299e+00
1.000000000000000000e+01 1.586771683639854658e+00
1.100000000000000000e+01 1.518096418961141891e+00
1.200000000000000000e+01 1.862992360159333005e+00
1.300000000000000000e+01 2.207888301357524341e+00
1.400000000000000000e+01 2.517741714919411233e+00
1.500000000000000000e+01 2.512212379754556135e+00
1.600000000000000000e+01 2.506683044589701037e+00
1.700000000000000000e+01 2.501153709424845939e+00
1.800000000000000000e+01 2.501538324035679661e+00
1.900000000000000000e+01 2.555148486627709215e+00
2.000000000000000000e+01 2.608758649219738324e+00
2.100000000000000000e+01 2.662368811811767877e+00
2.200000000000000000e+01 2.715978974403796986e+00
2.300000000000000000e+01 2.794410961380128011e+00
2.400000000000000000e+01 3.096239367815169174e+00
2.500000000000000000e+01 3.398067774250210782e+00
2.600000000000000000e+01 3.699896180685251945e+00
2.700000000000000000e+01 4.011296431259914641e+00
2.800000000000000000e+01 4.408843279091164469e+00
2.900000000000000000e+01 4.806390126922415185e+00
3.000000000000000000e+01 5.203936974753665012e+00
3.100000000000000000e+01 5.495144715577666261e+00
3.200000000000000000e+01 4.829300493336440958e+00
3.300000000000000000e+01 4.163456271095214767e+00
3.400000000000000000e+01 3.497612048853988576e+00
3.500000000000000000e+01 2.882007310709937542e+00
3.600000000000000000e+01 2.718557929440454934e+00
3.700000000000000000e+01 2.555108548170972327e+00
3.800000000000000000e+01 2.391659166901489719e+00
3.900000000000000000e+01 2.228209785632007112e+00
4.000000000000000000e+01 2.064760404362524504e+00
4.100000000000000000e+01 1.908097378272515243e+00
4.200000000000000000e+01 1.812511548797764105e+00
4.300000000000000000e+01 1.716925719323012967e+00
4.400000000000000000e+01 1.621339889848262050e+00
4.500000000000000000e+01 1.525754060373510912e+00
4.600000000000000000e+01 1.437912867991679500e+00
4.700000000000000000e+01 1.419773409446122514e+00
4.800000000000000000e+01 1.401633950900565528e+00
4.900000000000000000e+01 1.383494492355008543e+00
5.000000000000000000e+01 1.365355033809451557e+00
5.100000000000000000e+01 1.347215575263894571e+00
5.200000000000000000e+01 1.312655738523254678e+00
5.300000000000000000e+01 1.130312498026869950e+00
5.400000000000000000e+01 9.479692575304852209e-01
5.500000000000000000e+01 7.812475239526627258e-01
5.600000000000000000e+01 7.551193526418983337e-01
5.700000000000000000e+01 7.289911813311339417e-01
5.800000000000000000e+01 6.939998894519804340e-01
5.900000000000000000e+01 5.792405124573257735e-01
6.000000000000000000e+01 4.644811354626711686e-01
6.100000000000000000e+01 3.575569855856661761e-01
6.200000000000000000e+01 3.211498797675070294e-01
6.300000000000000000e+01 2.870857929629467287e-01
6.400000000000000000e+01 2.741088772807761531e-01
6.500000000000000000e+01 2.611319615986055220e-01
6.600000000000000000e+01 2.481071171490802085e-01
6.700000000000000000e+01 2.346509137933632805e-01
6.800000000000000000e+01 2.211947104376463247e-01
6.900000000000000000e+01 2.077385070819293966e-01
7.000000000000000000e+01 2.013601703490456585e-01
7.100000000000000000e+01 2.586826332216647373e-01
7.200000000000000000e+01 3.160050960942837883e-01
7.300000000000000000e+01 3.733275589669028394e-01
7.400000000000000000e+01 4.306500218395219459e-01
7.500000000000000000e+01 5.118599019415610574e-01
7.600000000000000000e+01 8.080565371083938686e-01
7.700000000000000000e+01 1.104253172275226680e+00
7.800000000000000000e+01 1.370780662467023348e+00
7.900000000000000000e+01 1.370285847883476960e+00
8.000000000000000000e+01 1.432848686403936700e+00
8.100000000000000000e+01 2.062930402860487789e+00
8.200000000000000000e+01 2.693012119317038433e+00
8.300000000000000000e+01 3.230163566260745966e+00
8.400000000000000000e+01 2.930942587588814430e+00
8.500000000000000000e+01 2.631721608916882893e+00
8.600000000000000000e+01 2.332512858861325977e+00
8.700000000000000000e+01 2.033414166353141095e+00
8.800000000000000000e+01 1.734315473844956657e+00
8.900000000000000000e+01 1.432685247274230855e+00
9.000000000000000000e+01 1.108271214140634342e+00
9.100000000000000000e+01 8.095207570273090791e-01
9.200000000000000000e+01 7.417424840964403909e-01
9.300000000000000000e+01 6.739642111655717027e-01
9.400000000000000000e+01 6.024576107099471889e-01
9.500000000000000000e+01 4.973960625315173023e-01
9.600000000000000000e+01 4.002562788295247476e-01
9.700000000000000000e+01 3.744123754154719541e-01
9.800000000000000000e+01 3.539563344291137836e-01
9.900000000000000000e+01 3.819910552920103841e-01
1.000000000000000000e+02 4.100257761549069846e-01
1.010000000000000000e+02 4.367150631448069031e-01
1.020000000000000000e+02 4.512954452777362402e-01
1.030000000000000000e+02 4.658758274106655772e-01
1.040000000000000000e+02 4.804562095435949143e-01
1.050000000000000000e+02 5.100136378691414452e-01
1.060000000000000000e+02 6.743644819282510472e-01
1.070000000000000000e+02 8.387153259873607603e-01
1.080000000000000000e+02 1.026303857633664496e+00
1.090000000000000000e+02 1.423031577564728645e+00
1.100000000000000000e+02 1.819759297495792794e+00
1.110000000000000000e+02 2.193919650154012579e+00
1.120000000000000000e+02 2.364973697356619109e+00
1.130000000000000000e+02 2.536027744559225638e+00
1.140000000000000000e+02 2.656166195164875621e+00
1.150000000000000000e+02 2.318064276397885148e+00
1.160000000000000000e+02 1.979962357630894898e+00
1.170000000000000000e+02 1.641860438863904426e+00
1.180000000000000000e+02 1.303758520096914175e+00
1.190000000000000000e+02 9.656566013299237028e-01
1.200000000000000000e+02 6.275546825629332304e-01
