0.000000000000000000e+00 2.252096174327448963e-02
1.000000000000000000e+00 1.563567661654695351e-01
2.000000000000000000e+00 2.901925705876645667e-01
3.000000000000000000e+00 4.240283750098595705e-01
4.000000000000000000e+00 5.578641794320545744e-01
5.000000000000000000e+00 6.890152430894812552e-01
6.000000000000000000e+00 7.960036398639922517e-01
7.000000000000000000e+00 9.029920366385033592e-01
8.000000000000000000e+00 1.009980433413014467e+00
9.000000000000000000e+00 1.116968830187525574e+00
1.000000000000000000e+01 1.223957226962036682e+00
1.100000000000000000e+01 1.330945623736547567e+00
1.200000000000000000e+01 1.443503720870875195e+00
1.300000000000000000e+01 1.606189121243551732e+00
1.400000000000000000e+01 1.768874521616228268e+00
1.500000000000000000e+01 1.931559921988904804e+00
1.600000000000000000e+01 2.094245322361581341e+00
1.700000000000000000e+01 2.256930722734257877e+00
1.800000000000000000e+01 2.419616123106934413e+00
1.900000000000000000e+01 2.582301523479610950e+00
2.000000000000000000e+01 2.741863961792487370e+00
2.100000000000000000e+01 2.873319741567165408e+00
2.200000000000000000e+01 3.004775521341843447e+00
2.300000000000000000e+01 3.136231301116521486e+00
2.400000000000000000e+01 3.267687080891199525e+00
2.500000000000000000e+01 3.399142860665877564e+00
2.600000000000000000e+01 3.530598640440555158e+00
2.700000000000000000e+01 3.636351114636953596e+00
2.800000000000000000e+01 3.510773838628838739e+00
2.900000000000000000e+01 3.385196562620723437e+00
3.000000000000000000e+01 3.259619286612608136e+00
3.100000000000000000e+01 3.134042010604493278e+00
3.200000000000000000e+01 3.008464734596377976e+00
3.300000000000000000e+01 2.882887458588263119e+00
3.400000000000000000e+01 2.744683673473755192e+00
3.500000000000000000e+01 2.492841306401716306e+00
3.600000000000000000e+01 2.240998939329676976e+00
3.700000000000000000e+01 1.989156572257638089e+00
3.800000000000000000e+01 1.737314205185598759e+00
3.900000000000000000e+01 1.485471838113559651e+00
4.000000000000000000e+01 1.233629471041520542e+00
4.100000000000000000e+01 9.943828024292789003e-01
4.200000000000000000e+01 8.684974199552115692e-01
4.300000000000000000e+01 7.426120374811442382e-01
4.400000000000000000e+01 6.167266550070769071e-01
4.500000000000000000e+01 4.973349940126420843e-01
4.600000000000000000e+01 4.363868263348991139e-01
4.700000000000000000e+01 3.754386586571561990e-01
4.800000000000000000e+01 3.144904909794131731e-01
4.900000000000000000e+01 2.535423233016702582e-01
5.000000000000000000e+01 1.925941556239272323e-01
5.100000000000000000e+01 1.367274015984727975e-01
5.200000000000000000e+01 1.265933704436144058e-01
5.300000000000000000e+01 1.164593392887559725e-01
5.400000000000000000e+01 1.063253081338975670e-01
5.500000000000000000e+01 9.619127697903914753e-02
5.600000000000000000e+01 8.903089523690257967e-02
5.700000000000000000e+01 1.086333582092623151e-01
5.800000000000000000e+01 1.282358211816220506e-01
5.900000000000000000e+01 1.478382841539818138e-01
6.000000000000000000e+01 1.674407471263415492e-01
6.100000000000000000e+01 1.897179724640344900e-01
6.200000000000000000e+01 2.360680590897259179e-01
6.300000000000000000e+01 2.824181457154173458e-01
6.400000000000000000e+01 3.287682323411084684e-01
6.500000000000000000e+01 3.751183189667999240e-01
6.600000000000000000e+01 4.214684055924913242e-01
6.700000000000000000e+01 4.678184922181827798e-01
6.800000000000000000e+01 5.141685788438741245e-01
6.900000000000000000e+01 5.605186654695656356e-01
7.000000000000000000e+01 6.105925604840612975e-01
7.100000000000000000e+01 6.941807309977967577e-01
7.200000000000000000e+01 7.777689015115323290e-01
7.300000000000000000e+01 8.613570720252679003e-01
7.400000000000000000e+01 9.449452425390034715e-01
7.500000000000000000e+01 1.028533413052739043e+00
7.600000000000000000e+01 1.112121583566474392e+00
7.700000000000000000e+01 1.182648378830292835e+00
7.800000000000000000e+01 1.135622796844849569e+00
7.900000000000000000e+01 1.088597214859406304e+00
8.000000000000000000e+01 1.041571632873963260e+00
8.100000000000000000e+01 9.945460508885199946e-01
8.200000000000000000e+01 9.475204689030767291e-01
8.300000000000000000e+01 9.004948869176334636e-01
8.400000000000000000e+01 8.555498925707628599e-01
8.500000000000000000e+01 8.293301869710464347e-01
8.600000000000000000e+01 8.031104813713300095e-01
8.700000000000000000e+01 7.768907757716135842e-01
8.800000000000000000e+01 7.506710701718971590e-01
8.900000000000000000e+01 7.244513645721808448e-01
9.000000000000000000e+01 6.982316589724644196e-01
9.100000000000000000e+01 6.720119533727479944e-01
9.200000000000000000e+01 6.457922477730315691e-01
9.300000000000000000e+01 6.195725421733151439e-01
9.400000000000000000e+01 5.917035768418533737e-01
9.500000000000000000e+01 5.489912739246822770e-01
9.600000000000000000e+01 5.062789710075112914e-01
9.700000000000000000e+01 4.635666680903403059e-01
9.800000000000000000e+01 4.208543651731692647e-01
9.900000000000000000e+01 3.923670859450739679e-01
1.000000000000000000e+02 4.919050199186684735e-01
1.010000000000000000e+02 5.914429538922629792e-01
1.020000000000000000e+02 6.909808878658574294e-01
1.030000000000000000e+02 7.905188218394518795e-01
1.040000000000000000e+02 8.815144346717699309e-01
1.050000000000000000e+02 8.956291572325950634e-01
1.060000000000000000e+02 9.097438797934201959e-01
1.070000000000000000e+02 9.238586023542453285e-01
1.080000000000000000e+02 9.379733249150704610e-01
1.090000000000000000e+02 9.520880474758954826e-01
1.100000000000000000e+02 9.597721580607595504e-01
1.110000000000000000e+02 9.095807608619698170e-01
1.120000000000000000e+02 8.593893636631801947e-01
1.130000000000000000e+02 8.091979664643904613e-01
1.140000000000000000e+02 7.590065692656007279e-01
1.150000000000000000e+02 7.088151720668111055e-01
1.160000000000000000e+02 6.586237748680214832e-01
1.170000000000000000e+02 6.084323776692317498e-01
1.180000000000000000e+02 5.582409804704420164e-01
1.190000000000000000e+02 5.080495832716523941e-01
1.200000000000000000e+02 4.578581860728626607e-01
