0.000000000000000000e+00 5.514520271829023379e+00
1.000000000000000000e+00 6.095217716712426181e+00
2.000000000000000000e+00 6.675915161595829872e+00
3.000000000000000000e+00 7.256612606479233563e+00
4.000000000000000000e+00 7.837310051362636365e+00
5.000000000000000000e+00 8.418007496246039167e+00
6.000000000000000000e+00 8.998704941129442858e+00
7.000000000000000000e+00 9.579402386012846549e+00
8.000000000000000000e+00 1.016009983089625024e+01
9.000000000000000000e+00 1.074079727577965215e+01
1.000000000000000000e+01 1.132149472066305762e+01
1.100000000000000000e+01 1.190219216554645953e+01
1.200000000000000000e+01 1.248288961042986323e+01
1.300000000000000000e+01 1.306358705531326692e+01
1.400000000000000000e+01 1.363173282913892947e+01
1.500000000000000000e+01 1.408691356344493606e+01
1.600000000000000000e+01 1.454209429775094264e+01
1.700000000000000000e+01 1.499727503205694745e+01
1.800000000000000000e+01 1.545245576636295404e+01
1.900000000000000000e+01 1.590763650066896062e+01
2.000000000000000000e+01 1.636281723497496543e+01
2.100000000000000000e+01 1.681799796928097024e+01
2.200000000000000000e+01 1.727317870358697860e+01
2.300000000000000000e+01 1.772835943789298341e+01
2.400000000000000000e+01 1.818354017219898822e+01
2.500000000000000000e+01 1.863872090650499302e+01
2.600000000000000000e+01 1.909390164081100139e+01
2.700000000000000000e+01 1.954908237511700619e+01
2.800000000000000000e+01 1.996539195795853772e+01
2.900000000000000000e+01 2.003186117761980967e+01
3.000000000000000000e+01 2.009833039728108517e+01
3.100000000000000000e+01 2.016479961694235712e+01
3.200000000000000000e+01 2.023126883660362907e+01
3.300000000000000000e+01 2.029773805626490102e+01
3.400000000000000000e+01 2.036420727592617297e+01
3.500000000000000000e+01 2.043067649558744492e+01
3.600000000000000000e+01 2.049714571524871687e+01
3.700000000000000000e+01 2.056361493490999237e+01
3.800000000000000000e+01 2.063008415457126432e+01
3.900000000000000000e+01 2.069655337423253627e+01
4.000000000000000000e+01 2.076302259389380822e+01
4.100000000000000000e+01 2.082949181355508017e+01
4.200000000000000000e+01 2.085446120804886050e+01
4.300000000000000000e+01 2.050593217603520202e+01
4.400000000000000000e+01 2.015740314402154709e+01
4.500000000000000000e+01 1.980887411200788861e+01
4.600000000000000000e+01 1.946034507999423369e+01
4.700000000000000000e+01 1.911181604798057876e+01
4.800000000000000000e+01 1.876328701596692028e+01
4.900000000000000000e+01 1.841475798395326535e+01
5.000000000000000000e+01 1.806622895193960687e+01
5.100000000000000000e+01 1.771769991992595195e+01
5.200000000000000000e+01 1.736917088791229702e+01
5.300000000000000000e+01 1.702064185589863854e+01
5.400000000000000000e+01 1.667211282388498361e+01
5.500000000000000000e+01 1.632358379187132513e+01
5.600000000000000000e+01 1.595864035157719663e+01
5.700000000000000000e+01 1.544596723675882544e+01
5.800000000000000000e+01 1.493329412194045247e+01
5.900000000000000000e+01 1.442062100712207950e+01
6.000000000000000000e+01 1.390794789230370654e+01
6.100000000000000000e+01 1.339527477748533357e+01
6.200000000000000000e+01 1.288260166266696061e+01
6.300000000000000000e+01 1.236992854784858764e+01
6.400000000000000000e+01 1.185725543303021823e+01
6.500000000000000000e+01 1.134458231821184526e+01
6.600000000000000000e+01 1.083190920339347230e+01
6.700000000000000000e+01 1.031923608857510111e+01
6.800000000000000000e+01 9.806562973756728141e+00
6.900000000000000000e+01 9.293889858938355175e+00
7.000000000000000000e+01 8.789231878173948687e+00
7.100000000000000000e+01 8.356710103895235164e+00
7.200000000000000000e+01 7.924188329616520754e+00
7.300000000000000000e+01 7.491666555337807232e+00
7.400000000000000000e+01 7.059144781059092821e+00
7.500000000000000000e+01 6.626623006780379299e+00
7.600000000000000000e+01 6.194101232501665777e+00
7.700000000000000000e+01 5.761579458222952255e+00
7.800000000000000000e+01 5.329057683944237844e+00
7.900000000000000000e+01 4.896535909665524322e+00
8.000000000000000000e+01 4.464014135386810800e+00
8.100000000000000000e+01 4.031492361108096389e+00
8.200000000000000000e+01 3.598970586829382867e+00
8.300000000000000000e+01 3.190343082673591901e+00
8.400000000000000000e+01 2.996764009624123926e+00
8.500000000000000000e+01 2.803184936574655950e+00
8.600000000000000000e+01 2.609605863525187530e+00
8.700000000000000000e+01 2.416026790475719555e+00
8.800000000000000000e+01 2.222447717426251579e+00
8.900000000000000000e+01 2.028868644376783159e+00
9.000000000000000000e+01 1.835289571327315183e+00
9.100000000000000000e+01 1.641710498277847208e+00
9.200000000000000000e+01 1.448131425228379010e+00
9.300000000000000000e+01 1.254552352178911034e+00
9.400000000000000000e+01 1.079107749822282969e+00
9.500000000000000000e+01 1.066873383701224087e+00
9.600000000000000000e+01 1.054639017580164984e+00
9.700000000000000000e+01 1.042404651459106102e+00
9.800000000000000000e+01 1.030170285338047220e+00
9.900000000000000000e+01 1.017935919216988339e+00
1.000000000000000000e+02 1.005701553095929235e+00
1.010000000000000000e+02 9.934671869748703532e-01
1.020000000000000000e+02 9.812328208538114716e-01
1.030000000000000000e+02 9.689984547327524789e-01
1.040000000000000000e+02 9.567640886116935972e-01
1.050000000000000000e+02 9.445297224906346045e-01
1.060000000000000000e+02 9.391216725212355732e-01
1.070000000000000000e+02 9.951504679167795242e-01
1.080000000000000000e+02 1.051179263312323364e+00
1.090000000000000000e+02 1.107208058707867204e+00
1.100000000000000000e+02 1.163236854103411266e+00
1.110000000000000000e+02 1.219265649498955106e+00
1.120000000000000000e+02 1.275294444894498946e+00
1.130000000000000000e+02 1.331323240290042786e+00
1.140000000000000000e+02 1.387352035685586849e+00
1.150000000000000000e+02 1.443380831081130689e+00
1.160000000000000000e+02 1.499409626476674529e+00
1.170000000000000000e+02 1.555438421872218591e+00
1.180000000000000000e+02 1.611467217267762431e+00
1.190000000000000000e+02 1.667496012663306271e+00
1.200000000000000000e+02 1.723524808058850333e+00
