0.000000000000000000e+00 1.436499938754658645e+00
1.000000000000000000e+00 1.554365780534655572e+00
2.000000000000000000e+00 1.672231622314652499e+00
3.000000000000000000e+00 1.790097464094649427e+00
4.000000000000000000e+00 1.907963305874646354e+00
5.000000000000000000e+00 2.025829147654643503e+00
6.000000000000000000e+00 2.143694989434640430e+00
7.000000000000000000e+00 2.261560831214637357e+00
8.000000000000000000e+00 2.379426672994634284e+00
9.000000000000000000e+00 2.497292514774631211e+00
1.000000000000000000e+01 2.624051571008851447e+00
1.100000000000000000e+01 2.830849557331079236e+00
1.200000000000000000e+01 3.037647543653307469e+00
1.300000000000000000e+01 3.244445529975535703e+00
1.400000000000000000e+01 3.451243516297763936e+00
1.500000000000000000e+01 3.658041502619991725e+00
1.600000000000000000e+01 3.881386120876263224e+00
1.700000000000000000e+01 4.253650426538914786e+00
1.800000000000000000e+01 4.625914732201565904e+00
1.900000000000000000e+01 4.998179037864217023e+00
2.000000000000000000e+01 5.370443343526869029e+00
2.100000000000000000e+01 5.742707649189520147e+00
2.200000000000000000e+01 6.114971954852171265e+00
2.300000000000000000e+01 6.474505770222011236e+00
2.400000000000000000e+01 6.719465172956545551e+00
2.500000000000000000e+01 6.964424575691079866e+00
2.600000000000000000e+01 7.209383978425615069e+00
2.700000000000000000e+01 7.454343381160149384e+00
2.800000000000000000e+01 7.699302783894683699e+00
2.900000000000000000e+01 7.944262186629218014e+00
3.000000000000000000e+01 8.141315581703057802e+00
3.100000000000000000e+01 7.907214907830648620e+00
3.200000000000000000e+01 7.673114233958240327e+00
3.300000000000000000e+01 7.439013560085832033e+00
3.400000000000000000e+01 7.204912886213423739e+00
3.500000000000000000e+01 6.970812212341015446e+00
3.600000000000000000e+01 6.710638789339383514e+00
3.700000000000000000e+01 6.215810624174747723e+00
3.800000000000000000e+01 5.720982459010111043e+00
3.900000000000000000e+01 5.226154293845475252e+00
4.000000000000000000e+01 4.731326128680839460e+00
4.100000000000000000e+01 4.236497963516202780e+00
4.200000000000000000e+01 3.766982891020589364e+00
4.300000000000000000e+01 3.525285652546178650e+00
4.400000000000000000e+01 3.283588414071767936e+00
4.500000000000000000e+01 3.041891175597356778e+00
4.600000000000000000e+01 2.800193937122945620e+00
4.700000000000000000e+01 2.558496698648534906e+00
4.800000000000000000e+01 2.336712462287165337e+00
4.900000000000000000e+01 2.294145244943165185e+00
5.000000000000000000e+01 2.251578027599165477e+00
5.100000000000000000e+01 2.209010810255165325e+00
5.200000000000000000e+01 2.166443592911165172e+00
5.300000000000000000e+01 2.123876375567165020e+00
5.400000000000000000e+01 2.081309158223165312e+00
5.500000000000000000e+01 2.054590629826532844e+00
5.600000000000000000e+01 2.170510301956206423e+00
5.700000000000000000e+01 2.286429974085879557e+00
5.800000000000000000e+01 2.402349646215553136e+00
5.900000000000000000e+01 2.518269318345226715e+00
6.000000000000000000e+01 2.634188990474900294e+00
6.100000000000000000e+01 2.750047939882914960e+00
6.200000000000000000e+01 2.865360384796002080e+00
6.300000000000000000e+01 2.980672829709089200e+00
6.400000000000000000e+01 3.095985274622175432e+00
6.500000000000000000e+01 3.211297719535262551e+00
6.600000000000000000e+01 3.326610164448349671e+00
6.700000000000000000e+01 3.427913080221678843e+00
6.800000000000000000e+01 3.403130233737178933e+00
6.900000000000000000e+01 3.378347387252679024e+00
7.000000000000000000e+01 3.353564540768179114e+00
7.100000000000000000e+01 3.328781694283679204e+00
7.200000000000000000e+01 3.303998847799179295e+00
7.300000000000000000e+01 3.279216001314679385e+00
7.400000000000000000e+01 3.242881278013529656e+00
7.500000000000000000e+01 3.102579663362527995e+00
7.600000000000000000e+01 2.962278048711526335e+00
7.700000000000000000e+01 2.821976434060524230e+00
7.800000000000000000e+01 2.681674819409522570e+00
7.900000000000000000e+01 2.541373204758520910e+00
8.000000000000000000e+01 2.401071590107519249e+00
8.100000000000000000e+01 2.267796916662307094e+00
8.200000000000000000e+01 2.197764714069208924e+00
8.300000000000000000e+01 2.127732511476110311e+00
8.400000000000000000e+01 2.057700308883011697e+00
8.500000000000000000e+01 1.987668106289913528e+00
8.600000000000000000e+01 1.917635903696814914e+00
8.700000000000000000e+01 1.858957558700901957e+00
8.800000000000000000e+01 1.902463932079663023e+00
8.900000000000000000e+01 1.945970305458424088e+00
9.000000000000000000e+01 1.989476678837185153e+00
9.100000000000000000e+01 2.032983052215946440e+00
9.200000000000000000e+01 2.076489425594707505e+00
9.300000000000000000e+01 2.119995798973468570e+00
9.400000000000000000e+01 2.181763302999596643e+00
9.500000000000000000e+01 2.407880982852040663e+00
9.600000000000000000e+01 2.633998662704484239e+00
9.700000000000000000e+01 2.860116342556928259e+00
9.800000000000000000e+01 3.086234022409372280e+00
9.900000000000000000e+01 3.312351702261815856e+00
1.000000000000000000e+02 3.533908675041425695e+00
1.010000000000000000e+02 3.714419284165526580e+00
1.020000000000000000e+02 3.894929893289627909e+00
1.030000000000000000e+02 4.075440502413728794e+00
1.040000000000000000e+02 4.255951111537830123e+00
1.050000000000000000e+02 4.436461720661931452e+00
1.060000000000000000e+02 4.616972329786031892e+00
1.070000000000000000e+02 4.774667249069886488e+00
1.080000000000000000e+02 4.727020959791510712e+00
1.090000000000000000e+02 4.679374670513134937e+00
1.100000000000000000e+02 4.631728381234758274e+00
1.110000000000000000e+02 4.584082091956382499e+00
1.120000000000000000e+02 4.536435802678006723e+00
1.130000000000000000e+02 4.488789513399630948e+00
1.140000000000000000e+02 4.441143224121254285e+00
1.150000000000000000e+02 4.393496934842878510e+00
1.160000000000000000e+02 4.345850645564502734e+00
1.170000000000000000e+02 4.298204356286126071e+00
1.180000000000000000e+02 4.250558067007750296e+00
1.190000000000000000e+02 4.202911777729374521e+00
1.200000000000000000e+02 4.155265488450998745e+00
