1   32
2   27
3   12
4   13
5   8
6   7
7   4
8   18
9   16
10   8
11   5
12   3
13   3
14   6
15   9
16   14
17   9
18   6
19   6
20   3
21   9
22   10
23   7
24   2
25   18
26   34
27   31
28   15
29   15
30   11
31   7
32   4
33   4
34   15
35   10
36   9
37   13
38   11
39   5
40   4
41   47
42   41
43   14
44   9
45   12
46   7
47   11
48   14
49   10
50   8
51   11
52   20
53   24
54   21
55   22
56   12
57   5
58   6
59   5
60   6
61   9
62   29
63   24
64   20
65   16
66   12
67   8
68   9
69   22
70   30
71   25
72   24
73   13
74   17
75   22
76   18
77   8
78   6
79   14
80   22
81   25
82   20
83   15
84   14
85   4
86   3
87   4
88   9
89   29
90   20
91   35
92   19
93   33
94   29
95   12
96   15
97   33
98   27
99   43
100   37
101   33
102   27
103   26
104   11
105   14
106   15
107   18
108   20
109   13
110   11
111   8
112   6
113   3
114   5
115   4
116   5
117   45
118   35
119   15
120   16
121   12
