1    18
2    24
3    15
4    7
5    7
6    27
7    17
8    14
9    10
10   10
11   12
12   15
13   17
14   8
15   21
16   17
17   7
18   6
19   7
20   10
21   6
22   4
23   9
24   34
25   18
26   18
27   14
28   10
29   14
30   7
31   5
32   4
33   18
34   31
35   18
36   23
37   16
38   12
39   8
40   7
41   8
42   16
43   5
44   8
45   4
46   4
47   17
48   37
49   37
50   5
51   7
52   8
53   8
54   7
55   4
56   5
57   3
58   4
59   3
60   33
61   39
62   29
63   15
64   26
65   24
66   23
67   5
68   10
69   13
70   27
71   3
72   2
73   28
74   30
75   40
76   29
77   17
78   8
79   7
80   11
81   7
82   6
83   5
84   3
85   5
86   3
87   1
88   15
89   25
90   35
91   35
92   27
93   6
94   26
95   18
96   4
97   3
98   3
99   17
100  19
101  30
102  43
103  40
104  21
105  13
106  14
107  8
108  5
109  4
110  4
111  2
112  3
113  6
114  5
115  5
116  31
117  19
118  18
119  19
120  8
121  7
