1   0
2   1
3   0
4   0
5   4
6   3
7   3
8   0
9   0
10  1
11  0
12  2
13  2
14  6
15  1
16  5
17  2
18  3
19  2
20  2
21  3
22  3
23  4
24  2
25  4
26  4
27  2
28  1
29  0
30  0
31  0
32  0
33  1
34  4
35  2
36  1
37  1
38  0
39  1
40  1
41  3
42  6
43  4
44  7
45  4
46  4
47  1
48  1
49  3
50  1
51  12
52  5
53  3
54  5
55  4
56  3
57  3
58  1
59  3
60  1
61  5
62  4
63  9
64  10
65  10
66  2
67  2
68  4
69  3
70  4
71  3
72  3
73  5
74  6
75  4
76  4
77  14
78  9
79  6
80  5
81  4
82  1
83  1
84  4
85  2
86  4
87  3
88  2
89  1
90  2
91  5
92  4
93  8
94  7
95  3
96  4
97  5
98  3
99   2
100  9
101  10
102  9
103  3
104  6
105  2
106  4
107  7
108  6
109  3
110  6
111  1
112  0
113  1
114  3
115  6
116  3
117  3
118  6
119  4
120  7
121  5
