0.000000000000000000e+00 0.000000000000000000e+00
1.000000000000000000e+00 2.671637463577458682e-01
2.000000000000000000e+00 3.814442867143267302e-01
3.000000000000000000e+00 1.262992451831459029e+00
4.000000000000000000e+00 2.299601879032014295e+00
5.000000000000000000e+00 2.560036519256513987e+00
6.000000000000000000e+00 1.702084416965592206e+00
7.000000000000000000e+00 4.647480202895074020e-01
8.000000000000000000e+00 9.873220777479239929e-02
9.000000000000000000e+00 1.135085079963479959e+00
1.000000000000000000e+01 2.719649371689663031e+00
1.100000000000000000e+01 3.336935364416337979e+00
1.200000000000000000e+01 2.331977410300688280e+00
1.300000000000000000e+01 6.680583708528984310e-01
1.400000000000000000e+01 1.954179640078151578e-02
1.500000000000000000e+01 1.052213738600840109e+00
1.600000000000000000e+01 2.704658201155569763e+00
1.700000000000000000e+01 3.284152458115094486e+00
1.800000000000000000e+01 2.229917106763498857e+00
1.900000000000000000e+01 6.519540613107043248e-01
2.000000000000000000e+01 9.994121712866127494e-02
2.100000000000000000e+01 9.499989471932717144e-01
2.200000000000000000e+01 2.139375314997592259e+00
2.300000000000000000e+01 2.407605110567482054e+00
2.400000000000000000e+01 1.580371939396873593e+00
2.500000000000000000e+01 5.603258736547978014e-01
2.600000000000000000e+01 2.416548634079123681e-01
2.700000000000000000e+01 6.545956445976167659e-01
2.800000000000000000e+01 1.153843137830189214e+00
2.900000000000000000e+01 1.209085077307531009e+00
3.000000000000000000e+01 8.521858785917689749e-01
3.100000000000000000e+01 4.515331471423036924e-01
3.200000000000000000e+01 2.644327246639726070e-01
3.300000000000000000e+01 2.777521033777020643e-01
3.400000000000000000e+01 3.563425615645219313e-01
3.500000000000000000e+01 4.063480144046582310e-01
3.600000000000000000e+01 3.974119073926533630e-01
3.700000000000000000e+01 3.255965316001059318e-01
3.800000000000000000e+01 2.113214053195687780e-01
3.900000000000000000e+01 1.064135375056313448e-01
4.000000000000000000e+01 6.238054658555435700e-02
4.100000000000000000e+01 8.861140059896374654e-02
4.200000000000000000e+01 1.517201315736386724e-01
4.300000000000000000e+01 2.080564823589514944e-01
4.400000000000000000e+01 2.279930666352255608e-01
4.500000000000000000e+01 2.024504178202960469e-01
4.600000000000000000e+01 1.458638412494862591e-01
4.700000000000000000e+01 9.081231593097185972e-02
4.800000000000000000e+01 6.534648768559821186e-02
4.900000000000000000e+01 7.692995563969269590e-02
5.000000000000000000e+01 1.282422689945763028e-01
5.100000000000000000e+01 2.335555246168083687e-01
5.200000000000000000e+01 3.856285299017661039e-01
5.300000000000000000e+01 5.067597876367370135e-01
5.400000000000000000e+01 4.875525448112512650e-01
5.500000000000000000e+01 3.231364538801079767e-01
5.600000000000000000e+01 1.848580084129810563e-01
5.700000000000000000e+01 2.813905192794387555e-01
5.800000000000000000e+01 6.229360133410150047e-01
5.900000000000000000e+01 9.844370496681881244e-01
6.000000000000000000e+01 1.162377278844602957e+00
6.100000000000000000e+01 1.225211659103486950e+00
6.200000000000000000e+01 1.402900438449696363e+00
6.300000000000000000e+01 1.713032840085666697e+00
6.400000000000000000e+01 1.842533941651913976e+00
6.500000000000000000e+01 1.566105607430254398e+00
6.600000000000000000e+01 1.250381228007576340e+00
6.700000000000000000e+01 1.685798128858610800e+00
6.800000000000000000e+01 3.175664280128589034e+00
6.900000000000000000e+01 4.839218375384477966e+00
7.000000000000000000e+01 5.158663321266248047e+00
7.100000000000000000e+01 3.544375972490144466e+00
7.200000000000000000e+01 1.347716886496379773e+00
7.300000000000000000e+01 9.610112003908720668e-01
7.400000000000000000e+01 3.518861704513598809e+00
7.500000000000000000e+01 7.411426542104895709e+00
7.600000000000000000e+01 9.372027361290749425e+00
7.700000000000000000e+01 7.451531982654034714e+00
7.800000000000000000e+01 3.114586110401472041e+00
7.900000000000000000e+01 2.436673646904197188e-01
8.000000000000000000e+01 1.712243867348214987e+00
8.100000000000000000e+01 6.640456091480481327e+00
8.200000000000000000e+01 1.098380061848783917e+01
8.300000000000000000e+01 1.104746107240115016e+01
8.400000000000000000e+01 6.762016220972291158e+00
8.500000000000000000e+01 1.745118142763358193e+00
8.600000000000000000e+01 1.243319972651332067e-01
8.700000000000000000e+01 3.013112438192749210e+00
8.800000000000000000e+01 7.732121993582755870e+00
8.900000000000000000e+01 1.029116524721058568e+01
9.000000000000000000e+01 8.773345475346884470e+00
9.100000000000000000e+01 4.676960225420504713e+00
9.200000000000000000e+01 1.301637423038475294e+00
9.300000000000000000e+01 8.789611218624502342e-01
9.400000000000000000e+01 2.994248161274815523e+00
9.500000000000000000e+01 5.396855133274657490e+00
9.600000000000000000e+01 6.116587060776071283e+00
9.700000000000000000e+01 4.901012505454252377e+00
9.800000000000000000e+01 2.951174755619190293e+00
9.900000000000000000e+01 1.591485748978378689e+00
1.000000000000000000e+02 1.258859259690001231e+00
1.010000000000000000e+02 1.547012213918809831e+00
1.020000000000000000e+02 1.897091870533019975e+00
1.030000000000000000e+02 2.076838610822524078e+00
1.040000000000000000e+02 2.099147562396042055e+00
1.050000000000000000e+02 1.937702887765527793e+00
1.060000000000000000e+02 1.500884913823081757e+00
1.070000000000000000e+02 8.521666489840634684e-01
1.080000000000000000e+02 2.984322255945890956e-01
1.090000000000000000e+02 1.533931246397135240e-01
1.100000000000000000e+02 4.290256476207974234e-01
1.110000000000000000e+02 8.209783119641307358e-01
1.120000000000000000e+02 1.004081579302487315e+00
1.130000000000000000e+02 9.002092776576668953e-01
1.140000000000000000e+02 6.536633297408418475e-01
1.150000000000000000e+02 4.176284916987643148e-01
1.160000000000000000e+02 2.387515840528759981e-01
1.170000000000000000e+02 1.305048258861764843e-01
1.180000000000000000e+02 1.559454578814577219e-01
1.190000000000000000e+02 3.600375302994567872e-01
1.200000000000000000e+02 6.433675074052129794e-01
