0.000000000000000000e+00 0.000000000000000000e+00
1.000000000000000000e+00 1.475000484918149168e-01
2.000000000000000000e+00 1.763046008654242103e-01
3.000000000000000000e+00 1.044052074046492584e-01
4.000000000000000000e+00 2.353076215121104875e-01
5.000000000000000000e+00 3.639768079841206039e-02
6.000000000000000000e+00 3.956940966601160126e-01
7.000000000000000000e+00 7.071864788222398390e-02
8.000000000000000000e+00 2.000806067812202216e-01
9.000000000000000000e+00 5.054772891035976823e-01
1.000000000000000000e+01 2.004324360511496039e-01
1.100000000000000000e+01 8.545740024085608511e-01
1.200000000000000000e+01 9.003538627814944295e-01
1.300000000000000000e+01 1.913729080171155283e+00
1.400000000000000000e+01 3.191985295683075208e-01
1.500000000000000000e+01 1.690120293070322743e+00
1.600000000000000000e+01 5.461790598985336587e-01
1.700000000000000000e+01 4.115739984302823062e-01
1.800000000000000000e+01 2.730854232785359104e-01
1.900000000000000000e+01 8.579456658181124074e-02
2.000000000000000000e+01 6.095861868793191196e-02
2.100000000000000000e+01 3.000489363355139938e-01
2.200000000000000000e+01 9.119154116137798693e-01
2.300000000000000000e+01 5.566538008578940655e-01
2.400000000000000000e+01 2.469263155730691273e-01
2.500000000000000000e+01 1.437497000842746564e+00
2.600000000000000000e+01 1.061444059206779533e+00
2.700000000000000000e+01 1.021901070996923677e-01
2.800000000000000000e+01 9.282686733171309212e-01
2.900000000000000000e+01 1.478273228972602160e+00
3.000000000000000000e+01 6.078644560344986358e-04
3.100000000000000000e+01 1.652468603183336882e+00
3.200000000000000000e+01 2.970950041715291201e-01
3.300000000000000000e+01 1.571652251882299733e+00
3.400000000000000000e+01 1.999359034903196684e-03
3.500000000000000000e+01 2.219069521646267251e+00
3.600000000000000000e+01 6.219021279903064192e-01
3.700000000000000000e+01 3.240943375840610763e+00
3.800000000000000000e+01 3.168711834284618223e-01
3.900000000000000000e+01 4.694860135503510001e+00
4.000000000000000000e+01 2.921476415356036860e-01
4.100000000000000000e+01 2.508446025237538457e+00
4.200000000000000000e+01 7.356442077294086390e-01
4.300000000000000000e+01 8.718105231425609114e-01
4.400000000000000000e+01 1.150153629351850365e-01
4.500000000000000000e+01 2.276769890309629230e-01
4.600000000000000000e+01 1.592943686650200768e-03
4.700000000000000000e+01 1.159790592099216831e-02
4.800000000000000000e+01 1.982180788692847889e-02
4.900000000000000000e+01 2.876265270791403261e-01
5.000000000000000000e+01 5.735650757699040092e-01
5.100000000000000000e+01 1.116708533397456238e+00
5.200000000000000000e+01 4.417865735333789123e-01
5.300000000000000000e+01 2.090914727031182085e+00
5.400000000000000000e+01 3.308043512894137006e+00
5.500000000000000000e+01 1.616360407036500746e+00
5.600000000000000000e+01 4.065234205861741223e+00
5.700000000000000000e+01 2.846869751660934700e+00
5.800000000000000000e+01 1.065080635720772939e+01
5.900000000000000000e+01 5.760581032518138356e-01
6.000000000000000000e+01 6.436465371312568351e+00
6.100000000000000000e+01 3.045228709972070735e+00
6.200000000000000000e+01 3.518013477370391939e+00
6.300000000000000000e+01 2.157152812641296435e+00
6.400000000000000000e+01 2.755430148220388009e+00
6.500000000000000000e+01 4.849853934115770926e+00
6.600000000000000000e+01 6.532347358873232812e-01
6.700000000000000000e+01 5.881780770122946755e+00
6.800000000000000000e+01 1.290513804937773790e+00
6.900000000000000000e+01 3.317401912188397084e+00
7.000000000000000000e+01 4.719775146704827673e-01
7.100000000000000000e+01 2.072557544877111635e+00
7.200000000000000000e+01 7.485186938090104825e-02
7.300000000000000000e+01 1.095912634832322929e+00
7.400000000000000000e+01 6.596120132524868618e-02
7.500000000000000000e+01 6.320591944684461616e-01
7.600000000000000000e+01 2.599148064564221761e-01
7.700000000000000000e+01 9.037797520901853787e-02
7.800000000000000000e+01 4.932393251237489062e-01
7.900000000000000000e+01 1.765462624534229197e-01
8.000000000000000000e+01 1.174696486381532484e-01
8.100000000000000000e+01 7.143093194251389777e-01
8.200000000000000000e+01 6.414614875497766378e-02
8.300000000000000000e+01 2.172086655230548224e+00
8.400000000000000000e+01 7.089658091724021505e-01
8.500000000000000000e+01 4.608061953056972193e+00
8.600000000000000000e+01 1.988881204745837517e+00
8.700000000000000000e+01 1.029508164270239412e+01
8.800000000000000000e+01 8.588519200306317380e-02
8.900000000000000000e+01 1.081412762392270466e+01
9.000000000000000000e+01 5.766561615243059435e+00
9.100000000000000000e+01 3.583849810197992980e+00
9.200000000000000000e+01 1.433434467863692774e+00
9.300000000000000000e+01 4.322016014093458480e+00
9.400000000000000000e+01 3.893090962033704638e+00
9.500000000000000000e+01 6.864145875206310032e-01
9.600000000000000000e+01 1.063079404328028277e+00
9.700000000000000000e+01 2.491629364577809369e+00
9.800000000000000000e+01 6.902322711246990927e-01
9.900000000000000000e+01 1.581824398174085933e-01
1.000000000000000000e+02 4.279914765451781067e-01
1.010000000000000000e+02 8.531246952240588433e-02
1.020000000000000000e+02 3.075870290284179465e-01
1.030000000000000000e+02 4.997109911856709163e-02
1.040000000000000000e+02 4.745675912903973837e-01
1.050000000000000000e+02 8.220580011389875055e-03
1.060000000000000000e+02 3.921035047816016639e-01
1.070000000000000000e+02 1.163109819015403917e-01
1.080000000000000000e+02 1.647627603144136144e-01
1.090000000000000000e+02 5.992094464486515809e-02
1.100000000000000000e+02 1.331587225250754070e-01
1.110000000000000000e+02 3.543757914079626471e-03
1.120000000000000000e+02 9.286800683810633728e-02
1.130000000000000000e+02 4.497273066642901856e-02
1.140000000000000000e+02 8.606438604356174416e-02
1.150000000000000000e+02 1.457462678748203955e-01
1.160000000000000000e+02 7.362376728632105682e-02
1.170000000000000000e+02 2.789394045193783200e-01
1.180000000000000000e+02 6.741267150134486186e-02
1.190000000000000000e+02 2.443528912062128411e-01
1.200000000000000000e+02 3.454748528706290400e-02
