0.000000000000000000e+00 3.993571875351731304e-01
1.000000000000000000e+00 6.007137734482012048e-01
2.000000000000000000e+00 8.020703593612292792e-01
3.000000000000000000e+00 1.003426945274257243e+00
4.000000000000000000e+00 1.204783531187285206e+00
5.000000000000000000e+00 1.406140117100313169e+00
6.000000000000000000e+00 1.619181998882372575e+00
7.000000000000000000e+00 1.937391543485711631e+00
8.000000000000000000e+00 2.255601088089051132e+00
9.000000000000000000e+00 2.573810632692389966e+00
1.000000000000000000e+01 2.892020177295729244e+00
1.100000000000000000e+01 3.210229721899068522e+00
1.200000000000000000e+01 3.543224161928240079e+00
1.300000000000000000e+01 4.009282660789905250e+00
1.400000000000000000e+01 4.475341159651570422e+00
1.500000000000000000e+01 4.941399658513235593e+00
1.600000000000000000e+01 5.407458157374900765e+00
1.700000000000000000e+01 5.873516656236565936e+00
1.800000000000000000e+01 6.361513967014420956e+00
1.900000000000000000e+01 7.046960585037981062e+00
2.000000000000000000e+01 7.732407203061540280e+00
2.100000000000000000e+01 8.417853821085099497e+00
2.200000000000000000e+01 9.103300439108661379e+00
2.300000000000000000e+01 9.822480834601234889e+00
2.400000000000000000e+01 1.084526522731493436e+01
2.500000000000000000e+01 1.186804962002863206e+01
2.600000000000000000e+01 1.289083401274233154e+01
2.700000000000000000e+01 1.391361840545603101e+01
2.800000000000000000e+01 1.493640279816972871e+01
2.900000000000000000e+01 1.601803173643966360e+01
3.000000000000000000e+01 1.762926158471569593e+01
3.100000000000000000e+01 1.924049143299172826e+01
3.200000000000000000e+01 2.085172128126776059e+01
3.300000000000000000e+01 2.246295112954379647e+01
3.400000000000000000e+01 2.407418097781982880e+01
3.500000000000000000e+01 2.578385862312496712e+01
3.600000000000000000e+01 2.837956644169204523e+01
3.700000000000000000e+01 3.097527426025912689e+01
3.800000000000000000e+01 3.357098207882620500e+01
3.900000000000000000e+01 3.616668989739328310e+01
4.000000000000000000e+01 3.876239771596036121e+01
4.100000000000000000e+01 4.136888446075574421e+01
4.200000000000000000e+01 4.407238154160585708e+01
4.300000000000000000e+01 4.677587862245596284e+01
4.400000000000000000e+01 4.947937570330607571e+01
4.500000000000000000e+01 5.218287278415618147e+01
4.600000000000000000e+01 5.488636986500629433e+01
4.700000000000000000e+01 5.758986694585640009e+01
4.800000000000000000e+01 6.028437806008032140e+01
4.900000000000000000e+01 6.289801547466847609e+01
5.000000000000000000e+01 6.551165288925663788e+01
5.100000000000000000e+01 6.812529030384479256e+01
5.200000000000000000e+01 7.073892771843294724e+01
5.300000000000000000e+01 7.335256513302110193e+01
5.400000000000000000e+01 7.584587180676889773e+01
5.500000000000000000e+01 7.725620181295330724e+01
5.600000000000000000e+01 7.866653181913771675e+01
5.700000000000000000e+01 8.007686182532212626e+01
5.800000000000000000e+01 8.148719183150653578e+01
5.900000000000000000e+01 8.289752183769094529e+01
6.000000000000000000e+01 8.430785184387535480e+01
6.100000000000000000e+01 8.559268285635096163e+01
6.200000000000000000e+01 8.574802292544723059e+01
6.300000000000000000e+01 8.590336299454349955e+01
6.400000000000000000e+01 8.605870306363976852e+01
6.500000000000000000e+01 8.621404313273605169e+01
6.600000000000000000e+01 8.636938320183232065e+01
6.700000000000000000e+01 8.652472327092858961e+01
6.800000000000000000e+01 8.666336517679785345e+01
6.900000000000000000e+01 8.665172361362405695e+01
7.000000000000000000e+01 8.664008205045024624e+01
7.100000000000000000e+01 8.662844048727643553e+01
7.200000000000000000e+01 8.661679892410262482e+01
7.300000000000000000e+01 8.660515736092881411e+01
7.400000000000000000e+01 8.659351579775500340e+01
7.500000000000000000e+01 8.666437607368192175e+01
7.600000000000000000e+01 8.747775290151544425e+01
7.700000000000000000e+01 8.829112972934896675e+01
7.800000000000000000e+01 8.910450655718247504e+01
7.900000000000000000e+01 8.991788338501599753e+01
8.000000000000000000e+01 9.073126021284952003e+01
8.100000000000000000e+01 9.154463704068304253e+01
8.200000000000000000e+01 9.243947845774962957e+01
8.300000000000000000e+01 9.406750117791393961e+01
8.400000000000000000e+01 9.569552389807824966e+01
8.500000000000000000e+01 9.732354661824257391e+01
8.600000000000000000e+01 9.895156933840688396e+01
8.700000000000000000e+01 1.005795920585711940e+02
8.800000000000000000e+01 1.022076147787355040e+02
8.900000000000000000e+01 1.037115990211488423e+02
9.000000000000000000e+01 1.040992369638033779e+02
9.100000000000000000e+01 1.044868749064579134e+02
9.200000000000000000e+01 1.048745128491124632e+02
9.300000000000000000e+01 1.052621507917669987e+02
9.400000000000000000e+01 1.056497887344215343e+02
9.500000000000000000e+01 1.060374266770760698e+02
9.600000000000000000e+01 1.062096054540981669e+02
9.700000000000000000e+01 1.044426517404282180e+02
9.800000000000000000e+01 1.026756980267582691e+02
9.900000000000000000e+01 1.009087443130883059e+02
1.000000000000000000e+02 9.914179059941835703e+01
1.010000000000000000e+02 9.737483688574840812e+01
1.020000000000000000e+02 9.535899938101229623e+01
1.030000000000000000e+02 9.110320775668061799e+01
1.040000000000000000e+02 8.684741613234893975e+01
1.050000000000000000e+02 8.259162450801727573e+01
1.060000000000000000e+02 7.833583288368561171e+01
1.070000000000000000e+02 7.408004125935393347e+01
1.080000000000000000e+02 6.982424963502225523e+01
1.090000000000000000e+02 6.551354536048388866e+01
1.100000000000000000e+02 6.070862723408517780e+01
1.110000000000000000e+02 5.590370910768647406e+01
1.120000000000000000e+02 5.109879098128776320e+01
1.130000000000000000e+02 4.629387285488905945e+01
1.140000000000000000e+02 4.148895472849035571e+01
1.150000000000000000e+02 3.668403660209165196e+01
1.160000000000000000e+02 3.187911847569294110e+01
1.170000000000000000e+02 2.707420034929423736e+01
1.180000000000000000e+02 2.226928222289552650e+01
1.190000000000000000e+02 1.746436409649682275e+01
1.200000000000000000e+02 1.265944597009811190e+01
