0.000000000000000000e+00 1.268777281025872394e+00
1.000000000000000000e+00 1.637651815732647842e+00
2.000000000000000000e+00 2.006526350439423290e+00
3.000000000000000000e+00 2.375400885146198515e+00
4.000000000000000000e+00 2.744275419852973741e+00
5.000000000000000000e+00 3.087276487179628770e+00
6.000000000000000000e+00 3.197416348085198923e+00
7.000000000000000000e+00 3.307556208990769075e+00
8.000000000000000000e+00 3.417696069896339228e+00
9.000000000000000000e+00 3.527835930801909381e+00
1.000000000000000000e+01 3.654270779544678938e+00
1.100000000000000000e+01 3.927360518822244018e+00
1.200000000000000000e+01 4.200450258099809098e+00
1.300000000000000000e+01 4.473539997377374178e+00
1.400000000000000000e+01 4.713490212229972443e+00
1.500000000000000000e+01 4.655184707257872923e+00
1.600000000000000000e+01 4.596879202285774291e+00
1.700000000000000000e+01 4.538573697313674771e+00
1.800000000000000000e+01 4.483362113382762359e+00
1.900000000000000000e+01 4.455995818822533927e+00
2.000000000000000000e+01 4.428629524262304606e+00
2.100000000000000000e+01 4.397270671032764255e+00
2.200000000000000000e+01 4.329978789779416637e+00
2.300000000000000000e+01 4.262686908526068130e+00
2.400000000000000000e+01 4.195395027272720512e+00
2.500000000000000000e+01 4.128103146019372005e+00
2.600000000000000000e+01 4.041254542603063271e+00
2.700000000000000000e+01 3.778395439720107163e+00
2.800000000000000000e+01 3.515536336837151499e+00
2.900000000000000000e+01 3.252677233954195835e+00
3.000000000000000000e+01 2.985000729236830797e+00
3.100000000000000000e+01 2.673967608009784058e+00
3.200000000000000000e+01 2.362934486782737764e+00
3.300000000000000000e+01 2.066551043565475698e+00
3.400000000000000000e+01 1.902014702436271687e+00
3.500000000000000000e+01 1.737478361307067454e+00
3.600000000000000000e+01 1.591597626193492543e+00
3.700000000000000000e+01 1.613617345220575983e+00
3.800000000000000000e+01 1.635637064247659422e+00
3.900000000000000000e+01 1.667338798058459526e+00
4.000000000000000000e+01 1.786178664922709602e+00
4.100000000000000000e+01 1.905018531786959679e+00
4.200000000000000000e+01 2.010429553522761204e+00
4.300000000000000000e+01 1.994980969102529755e+00
4.400000000000000000e+01 1.979532384682298307e+00
4.500000000000000000e+01 2.061107549416782092e+00
4.600000000000000000e+01 3.015896456543689208e+00
4.700000000000000000e+01 3.970685363670596324e+00
4.800000000000000000e+01 4.827222354867599208e+00
4.900000000000000000e+01 4.799492102695471551e+00
5.000000000000000000e+01 4.771761850523344783e+00
5.100000000000000000e+01 4.695549631056637807e+00
5.200000000000000000e+01 4.182999705938721391e+00
5.300000000000000000e+01 3.670449780820804087e+00
5.400000000000000000e+01 3.157899855702887670e+00
5.500000000000000000e+01 2.712019611050793699e+00
5.600000000000000000e+01 2.866166490591093741e+00
5.700000000000000000e+01 3.020313370131393338e+00
5.800000000000000000e+01 3.155984947279681929e+00
5.900000000000000000e+01 3.125378802899874131e+00
6.000000000000000000e+01 3.094772658520066333e+00
6.100000000000000000e+01 3.064166514140258535e+00
6.200000000000000000e+01 3.108281572727885855e+00
6.300000000000000000e+01 3.824887458022415920e+00
6.400000000000000000e+01 4.541493343316941989e+00
6.500000000000000000e+01 5.215723561145749088e+00
6.600000000000000000e+01 5.508572771783028621e+00
6.700000000000000000e+01 5.801421982420308154e+00
6.800000000000000000e+01 6.094271193057588576e+00
6.900000000000000000e+01 6.285685970496890818e+00
7.000000000000000000e+01 5.564190849154342366e+00
7.100000000000000000e+01 4.842695727811793915e+00
7.200000000000000000e+01 4.121200606469244576e+00
7.300000000000000000e+01 3.491653989444744255e+00
7.400000000000000000e+01 3.689643911282731725e+00
7.500000000000000000e+01 3.887633833120719196e+00
7.600000000000000000e+01 4.085623754958707110e+00
7.700000000000000000e+01 4.283613676796694136e+00
7.800000000000000000e+01 4.481603598634682051e+00
7.900000000000000000e+01 4.723157536006049817e+00
8.000000000000000000e+01 5.356787613177865559e+00
8.100000000000000000e+01 5.990417690349680413e+00
8.200000000000000000e+01 6.624047767521496155e+00
8.300000000000000000e+01 7.257677844693311897e+00
8.400000000000000000e+01 7.892077228247963205e+00
8.500000000000000000e+01 8.533400369248136386e+00
8.600000000000000000e+01 9.174723510248309566e+00
8.700000000000000000e+01 9.816046651248482746e+00
8.800000000000000000e+01 1.043966580231260899e+01
8.900000000000000000e+01 1.090394904395230036e+01
9.000000000000000000e+01 1.136823228559199173e+01
9.100000000000000000e+01 1.183251552723168309e+01
9.200000000000000000e+01 1.229679876887137446e+01
9.300000000000000000e+01 1.290763037848481609e+01
9.400000000000000000e+01 1.483739729986209177e+01
9.500000000000000000e+01 1.676716422123936567e+01
9.600000000000000000e+01 1.869693114261664135e+01
9.700000000000000000e+01 2.062669806399391348e+01
9.800000000000000000e+01 2.269137379018756562e+01
9.900000000000000000e+01 2.597022875972868050e+01
1.000000000000000000e+02 2.924908372926979538e+01
1.010000000000000000e+02 3.252793869881091382e+01
1.020000000000000000e+02 3.580679366835202870e+01
1.030000000000000000e+02 3.843842322789667065e+01
1.040000000000000000e+02 3.524502409747275067e+01
1.050000000000000000e+02 3.205162496704882358e+01
1.060000000000000000e+02 2.885822583662489649e+01
1.070000000000000000e+02 2.565402065878154758e+01
1.080000000000000000e+02 2.235256105416341654e+01
1.090000000000000000e+02 1.905110144954528550e+01
1.100000000000000000e+02 1.612738671357552178e+01
1.110000000000000000e+02 1.660337579544128772e+01
1.120000000000000000e+02 1.698767914334655416e+01
1.130000000000000000e+02 1.654681088560730373e+01
1.140000000000000000e+02 1.612313621615322035e+01
1.150000000000000000e+02 1.585420384126561721e+01
1.160000000000000000e+02 1.558527146637801764e+01
1.170000000000000000e+02 1.531633909149041628e+01
1.180000000000000000e+02 1.504740671660281492e+01
1.190000000000000000e+02 1.477847434171521535e+01
1.200000000000000000e+02 1.450954196682761399e+01
