0.000000000000000000e+00 0.000000000000000000e+00
1.000000000000000000e+00 2.247941570624572838e-01
2.000000000000000000e+00 1.622429048315807920e+00
3.000000000000000000e+00 5.361376596297899588e-02
4.000000000000000000e+00 1.065049253649127836e+00
5.000000000000000000e+00 8.386016103652359222e-02
6.000000000000000000e+00 8.368385394799530141e-01
7.000000000000000000e+00 3.437053696990423624e-01
8.000000000000000000e+00 4.296611556980672320e-01
9.000000000000000000e+00 3.545798827231567696e-01
1.000000000000000000e+01 2.163727231409328378e-01
1.100000000000000000e+01 1.152452998177245086e-01
1.200000000000000000e+01 5.183876248728869207e-02
1.300000000000000000e+01 6.985610532053064536e-02
1.400000000000000000e+01 1.731728867958989143e-02
1.500000000000000000e+01 8.756233321769305022e-02
1.600000000000000000e+01 6.245245714201159287e-02
1.700000000000000000e+01 4.059266178890379856e-02
1.800000000000000000e+01 1.527132314981614614e-01
1.900000000000000000e+01 4.316411463514105984e-01
2.000000000000000000e+01 8.856206490339210702e-02
2.100000000000000000e+01 1.356012935167110189e+00
2.200000000000000000e+01 8.414903698903303253e-02
2.300000000000000000e+01 2.430216512929636252e+00
2.400000000000000000e+01 1.016402597254708329e-01
2.500000000000000000e+01 2.920824920738856356e+00
2.600000000000000000e+01 1.407004524290882963e-01
2.700000000000000000e+01 2.287709008420192092e+00
2.800000000000000000e+01 2.431790028843875684e-01
2.900000000000000000e+01 1.373606781465409155e+00
3.000000000000000000e+01 4.836803294177503126e-02
3.100000000000000000e+01 1.035746633607927736e+00
3.200000000000000000e+01 1.160521512449295550e-01
3.300000000000000000e+01 1.243305487421424438e+00
3.400000000000000000e+01 4.457850429733509201e-01
3.500000000000000000e+01 1.761083297448166496e+00
3.600000000000000000e+01 1.772323931618090542e+00
3.700000000000000000e+01 3.609746204614762810e+00
3.800000000000000000e+01 3.410326205949075984e+00
3.900000000000000000e+01 6.107707996112244686e+00
4.000000000000000000e+01 6.065675237490451899e+00
4.100000000000000000e+01 3.669459859516635891e+00
4.200000000000000000e+01 5.962921340348173338e+00
4.300000000000000000e+01 1.961709950225650312e+00
4.400000000000000000e+01 2.117289245276609666e+00
4.500000000000000000e+01 9.970009075118756448e-01
4.600000000000000000e+01 4.497223105460968484e-01
4.700000000000000000e+01 1.768204661631664620e-01
4.800000000000000000e+01 1.484173258583074140e-01
4.900000000000000000e+01 9.259743604456388555e-02
5.000000000000000000e+01 5.401694178776775268e-02
5.100000000000000000e+01 1.483663880138536562e-01
5.200000000000000000e+01 1.270651686208280982e-03
5.300000000000000000e+01 1.541032638952288814e-01
5.400000000000000000e+01 1.686297017504103934e-01
5.500000000000000000e+01 5.633106042767983823e-02
5.600000000000000000e+01 2.989050844363160264e-01
5.700000000000000000e+01 2.293285045479667994e-01
5.800000000000000000e+01 4.313981980528130422e-01
5.900000000000000000e+01 5.455913344656321273e-01
6.000000000000000000e+01 3.954680614811093009e-01
6.100000000000000000e+01 1.030085428818725335e+00
6.200000000000000000e+01 9.591363430474750262e-02
6.300000000000000000e+01 7.779533859150911113e-01
6.400000000000000000e+01 4.983036658852391804e-02
6.500000000000000000e+01 5.748509642611027148e-01
6.600000000000000000e+01 7.210955888623150553e-03
6.700000000000000000e+01 5.542606857163241418e-01
6.800000000000000000e+01 1.439747269248089490e-01
6.900000000000000000e+01 2.442979469543314630e-01
7.000000000000000000e+01 3.097231112594762692e-01
7.100000000000000000e+01 2.204399868985784661e-01
7.200000000000000000e+01 4.735846658761982408e-01
7.300000000000000000e+01 1.599387599085666245e-01
7.400000000000000000e+01 6.362045162440763679e-01
7.500000000000000000e+01 3.640127482627105726e-01
7.600000000000000000e+01 3.125181658636028703e-01
7.700000000000000000e+01 5.829533797306004628e-01
7.800000000000000000e+01 3.802714809115927824e-02
7.900000000000000000e+01 5.246327218425690386e-01
8.000000000000000000e+01 3.866688318019544796e-02
8.100000000000000000e+01 3.718846548837130839e-01
8.200000000000000000e+01 8.094225007926293680e-02
8.300000000000000000e+01 1.829105952490751585e-01
8.400000000000000000e+01 2.553928784984247913e-01
8.500000000000000000e+01 8.961444918548640282e-02
8.600000000000000000e+01 3.574538786922759059e-01
8.700000000000000000e+01 2.467806268288445098e-02
8.800000000000000000e+01 5.026021577226829073e-01
8.900000000000000000e+01 3.133639164654411502e-01
9.000000000000000000e+01 1.192928055942955368e+00
9.100000000000000000e+01 1.283355344492773886e+00
9.200000000000000000e+01 7.611712367186831418e-01
9.300000000000000000e+01 2.177143044079261180e+00
9.400000000000000000e+01 2.454858778280518905e+00
9.500000000000000000e+01 4.653301150750083215e-01
9.600000000000000000e+01 1.398019164721503005e+00
9.700000000000000000e+01 1.393197103057804087e+00
9.800000000000000000e+01 5.876071684481799784e-02
9.900000000000000000e+01 4.545718991101573847e-01
1.000000000000000000e+02 6.310487181825257252e-01
1.010000000000000000e+02 6.160871889096894427e-02
1.020000000000000000e+02 3.598752438362841644e-01
1.030000000000000000e+02 2.788687019262175992e-01
1.040000000000000000e+02 2.060738488589050621e-01
1.050000000000000000e+02 2.080294834122499437e-02
1.060000000000000000e+02 1.545227528267038020e-01
1.070000000000000000e+02 6.803145978436625496e-02
1.080000000000000000e+02 1.901389000297374482e-02
1.090000000000000000e+02 4.871380636025182675e-02
1.100000000000000000e+02 3.639158801707898516e-01
1.110000000000000000e+02 1.404975373429546426e-01
1.120000000000000000e+02 1.449051298234147023e+00
1.130000000000000000e+02 1.909828592322052154e+00
1.140000000000000000e+02 2.096112510527811335e+00
1.150000000000000000e+02 3.780246251053422490e+00
1.160000000000000000e+02 5.170159405565979860e+00
1.170000000000000000e+02 1.503568130603976760e+00
1.180000000000000000e+02 3.846778394656547917e+00
1.190000000000000000e+02 1.829690115049894761e+00
1.200000000000000000e+02 7.614039909842955645e-01
