0.000000000000000000e+00 8.901846474084698091e-01
1.000000000000000000e+00 2.385977535959717066e+00
2.000000000000000000e+00 3.881770424510964101e+00
3.000000000000000000e+00 5.215510626046440557e+00
4.000000000000000000e+00 5.090776644439980458e+00
5.000000000000000000e+00 4.966042662833521248e+00
6.000000000000000000e+00 4.826485464513621260e+00
7.000000000000000000e+00 4.553519315772756038e+00
8.000000000000000000e+00 4.280553167031891704e+00
9.000000000000000000e+00 4.007587018291026482e+00
1.000000000000000000e+01 3.804551335517259769e+00
1.100000000000000000e+01 4.230889846447380087e+00
1.200000000000000000e+01 4.657228357377499961e+00
1.300000000000000000e+01 5.083566868307619835e+00
1.400000000000000000e+01 5.563676780500861341e+00
1.500000000000000000e+01 6.527729304062196647e+00
1.600000000000000000e+01 7.491781827623533729e+00
1.700000000000000000e+01 8.455834351184869035e+00
1.800000000000000000e+01 9.419886874746204342e+00
1.900000000000000000e+01 1.036019399426374399e+01
2.000000000000000000e+01 1.108679247738712981e+01
2.100000000000000000e+01 1.181339096051051740e+01
2.200000000000000000e+01 1.253998944363390322e+01
2.300000000000000000e+01 1.326658792675728904e+01
2.400000000000000000e+01 1.391402699353409389e+01
2.500000000000000000e+01 1.384903131319167358e+01
2.600000000000000000e+01 1.378403563284925148e+01
2.700000000000000000e+01 1.371903995250683117e+01
2.800000000000000000e+01 1.365404427216441086e+01
2.900000000000000000e+01 1.351773881556832713e+01
3.000000000000000000e+01 1.273964537268927977e+01
3.100000000000000000e+01 1.196155192981023241e+01
3.200000000000000000e+01 1.118345848693118505e+01
3.300000000000000000e+01 1.040536504405213769e+01
3.400000000000000000e+01 9.642224675786398080e+00
3.500000000000000000e+01 9.013661979040408667e+00
3.600000000000000000e+01 8.385099282294419254e+00
3.700000000000000000e+01 7.895872268402045258e+00
3.800000000000000000e+01 8.660666400192187808e+00
3.900000000000000000e+01 9.425460531982329471e+00
4.000000000000000000e+01 1.019025466377247113e+01
4.100000000000000000e+01 1.108000573148074785e+01
4.200000000000000000e+01 1.309436922245221702e+01
4.300000000000000000e+01 1.510873271342368618e+01
4.400000000000000000e+01 1.706866650019378895e+01
4.500000000000000000e+01 1.853873294915160130e+01
4.600000000000000000e+01 2.000879939810941366e+01
4.700000000000000000e+01 2.113131170601055331e+01
4.800000000000000000e+01 1.912583674440168124e+01
4.900000000000000000e+01 1.712036178279280918e+01
5.000000000000000000e+01 1.520596785093509062e+01
5.100000000000000000e+01 1.411130318683771634e+01
5.200000000000000000e+01 1.301663852274034383e+01
5.300000000000000000e+01 1.192197385864296955e+01
5.400000000000000000e+01 1.092807424675462258e+01
5.500000000000000000e+01 1.084106010474749482e+01
5.600000000000000000e+01 1.075404596274036706e+01
5.700000000000000000e+01 1.068238037101484394e+01
5.800000000000000000e+01 1.074885173182376263e+01
5.900000000000000000e+01 1.081532309263267955e+01
6.000000000000000000e+01 1.067116509017417769e+01
6.100000000000000000e+01 8.631342818308924691e+00
6.200000000000000000e+01 6.837782821018122625e+00
6.300000000000000000e+01 7.260583294897331896e+00
6.400000000000000000e+01 7.693908005398800931e+00
6.500000000000000000e+01 8.221950845500641591e+00
6.600000000000000000e+01 8.749993685602481364e+00
6.700000000000000000e+01 9.177459502548412473e+00
6.800000000000000000e+01 8.699732111091105224e+00
6.900000000000000000e+01 8.605025142020771511e+00
7.000000000000000000e+01 1.195750197443341634e+01
7.100000000000000000e+01 1.519549282435804116e+01
7.200000000000000000e+01 1.740310983189041139e+01
7.300000000000000000e+01 1.961072683942278161e+01
7.400000000000000000e+01 2.137190721454751952e+01
7.500000000000000000e+01 1.911515789800328591e+01
7.600000000000000000e+01 1.685840858145905585e+01
7.700000000000000000e+01 1.478418288567638506e+01
7.800000000000000000e+01 1.435266977674787903e+01
7.900000000000000000e+01 1.392115666781937477e+01
8.000000000000000000e+01 1.348964355889087052e+01
8.100000000000000000e+01 1.305813044996236627e+01
8.200000000000000000e+01 1.276054318611851457e+01
8.300000000000000000e+01 1.366828852803661043e+01
8.400000000000000000e+01 1.457603386995470629e+01
8.500000000000000000e+01 1.548377921187280037e+01
8.600000000000000000e+01 1.637786303310479141e+01
8.700000000000000000e+01 1.714899316816181241e+01
8.800000000000000000e+01 1.792012330321883695e+01
8.900000000000000000e+01 1.869125343827586150e+01
9.000000000000000000e+01 1.946238357333288249e+01
9.100000000000000000e+01 2.017976742873989338e+01
9.200000000000000000e+01 2.041343476729674933e+01
9.300000000000000000e+01 2.064710210585360528e+01
9.400000000000000000e+01 2.088076944441046123e+01
9.500000000000000000e+01 2.111443678296731719e+01
9.600000000000000000e+01 2.140995446106018463e+01
9.700000000000000000e+01 2.226212519497721232e+01
9.800000000000000000e+01 2.311429592889423645e+01
9.900000000000000000e+01 2.396646666281126059e+01
1.000000000000000000e+02 2.481863739672828473e+01
1.010000000000000000e+02 2.526526908767395341e+01
1.020000000000000000e+02 2.206204939187718495e+01
1.030000000000000000e+02 1.885882969608041293e+01
1.040000000000000000e+02 1.565561000028364269e+01
1.050000000000000000e+02 1.257087650812966828e+01
1.060000000000000000e+02 1.055251884876091850e+01
1.070000000000000000e+02 8.534161189392170499e+00
1.080000000000000000e+02 6.687329350564495734e+00
1.090000000000000000e+02 6.384229896606591126e+00
1.100000000000000000e+02 6.081130442648685630e+00
1.110000000000000000e+02 5.778030988690781022e+00
1.120000000000000000e+02 5.547228580614577353e+00
1.130000000000000000e+02 5.967099585473730095e+00
1.140000000000000000e+02 6.386970590332882836e+00
1.150000000000000000e+02 6.806841595192035577e+00
1.160000000000000000e+02 7.226712600051188318e+00
1.170000000000000000e+02 7.646583604910341059e+00
1.180000000000000000e+02 8.066454609769493800e+00
1.190000000000000000e+02 8.486325614628647429e+00
1.200000000000000000e+02 8.906196619487799282e+00
