0.000000000000000000e+00 1.925569129042657757e+00
1.000000000000000000e+00 2.055052269902628126e+00
2.000000000000000000e+00 2.184535410762598939e+00
3.000000000000000000e+00 2.314018551622569753e+00
4.000000000000000000e+00 2.443501692482540122e+00
5.000000000000000000e+00 2.572984833342510935e+00
6.000000000000000000e+00 2.702467974202481749e+00
7.000000000000000000e+00 2.831951115062452118e+00
8.000000000000000000e+00 2.961434255922422931e+00
9.000000000000000000e+00 3.090917396782393745e+00
1.000000000000000000e+01 3.220400537642364114e+00
1.100000000000000000e+01 3.336055649311317151e+00
1.200000000000000000e+01 3.327258498261110198e+00
1.300000000000000000e+01 3.318461347210902801e+00
1.400000000000000000e+01 3.309664196160695404e+00
1.500000000000000000e+01 3.300867045110488451e+00
1.600000000000000000e+01 3.292069894060281054e+00
1.700000000000000000e+01 3.269543335655967553e+00
1.800000000000000000e+01 3.123452111064698666e+00
1.900000000000000000e+01 2.977360886473429780e+00
2.000000000000000000e+01 2.831269661882161337e+00
2.100000000000000000e+01 2.685178437290892450e+00
2.200000000000000000e+01 2.539087212699623564e+00
2.300000000000000000e+01 2.387629776679816018e+00
2.400000000000000000e+01 2.187876437803157437e+00
2.500000000000000000e+01 1.988123098926498855e+00
2.600000000000000000e+01 1.788369760049840274e+00
2.700000000000000000e+01 1.588616421173181914e+00
2.800000000000000000e+01 1.388863082296523332e+00
2.900000000000000000e+01 1.195706126259149515e+00
3.000000000000000000e+01 1.061916615775337469e+00
3.100000000000000000e+01 9.281271052915254227e-01
3.200000000000000000e+01 7.943375948077131543e-01
3.300000000000000000e+01 6.605480843239011080e-01
3.400000000000000000e+01 5.267585738400889506e-01
3.500000000000000000e+01 4.043662927627756365e-01
3.600000000000000000e+01 3.845490763439497472e-01
3.700000000000000000e+01 3.647318599251239135e-01
3.800000000000000000e+01 3.449146435062980798e-01
3.900000000000000000e+01 3.250974270874722460e-01
4.000000000000000000e+01 3.052802106686463568e-01
4.100000000000000000e+01 2.854629942498205231e-01
4.200000000000000000e+01 2.656457778309946338e-01
4.300000000000000000e+01 2.458285614121688001e-01
4.400000000000000000e+01 2.310904746463535164e-01
4.500000000000000000e+01 2.620645547576325729e-01
4.600000000000000000e+01 2.930386348689116294e-01
4.700000000000000000e+01 3.240127149801906858e-01
4.800000000000000000e+01 3.549867950914696868e-01
4.900000000000000000e+01 3.859608752027487988e-01
5.000000000000000000e+01 4.169349553140277997e-01
5.100000000000000000e+01 4.479090354253068562e-01
5.200000000000000000e+01 4.788831155365859127e-01
5.300000000000000000e+01 5.189031890368751565e-01
5.400000000000000000e+01 6.403372030382548097e-01
5.500000000000000000e+01 7.617712170396345739e-01
5.600000000000000000e+01 8.832052310410143381e-01
5.700000000000000000e+01 1.004639245042393991e+00
5.800000000000000000e+01 1.126073259043773866e+00
5.900000000000000000e+01 1.247507273045153298e+00
6.000000000000000000e+01 1.368941287046533173e+00
6.100000000000000000e+01 1.490375301047912826e+00
6.200000000000000000e+01 1.611809315049292479e+00
6.300000000000000000e+01 1.733243329050672354e+00
6.400000000000000000e+01 1.897802764645483142e+00
6.500000000000000000e+01 2.450490994581205229e+00
6.600000000000000000e+01 3.003179224516927981e+00
6.700000000000000000e+01 3.555867454452649845e+00
6.800000000000000000e+01 4.108555684388372597e+00
6.900000000000000000e+01 4.661243914324094462e+00
7.000000000000000000e+01 5.228886055266652733e+00
7.100000000000000000e+01 5.931113395270736000e+00
7.200000000000000000e+01 6.633340735274819266e+00
7.300000000000000000e+01 7.335568075278903422e+00
7.400000000000000000e+01 8.037795415282985800e+00
7.500000000000000000e+01 8.740022755287069955e+00
7.600000000000000000e+01 9.395962128592325158e+00
7.700000000000000000e+01 9.635309801608096691e+00
7.800000000000000000e+01 9.874657474623868225e+00
7.900000000000000000e+01 1.011400514763963976e+01
8.000000000000000000e+01 1.035335282065541129e+01
8.100000000000000000e+01 1.059270049367118283e+01
8.200000000000000000e+01 1.083204816668695436e+01
8.300000000000000000e+01 1.103485614198130804e+01
8.400000000000000000e+01 1.090880683778288152e+01
8.500000000000000000e+01 1.078275753358445321e+01
8.600000000000000000e+01 1.065670822938602669e+01
8.700000000000000000e+01 1.053065892518759838e+01
8.800000000000000000e+01 1.040460962098917186e+01
8.900000000000000000e+01 1.023152841597581109e+01
9.000000000000000000e+01 9.635160103628022554e+00
9.100000000000000000e+01 9.038791791280234023e+00
9.200000000000000000e+01 8.442423478932447267e+00
9.300000000000000000e+01 7.846055166584658735e+00
9.400000000000000000e+01 7.249686854236871980e+00
9.500000000000000000e+01 6.653318541889083448e+00
9.600000000000000000e+01 6.066369067046323948e+00
9.700000000000000000e+01 5.564189129748820406e+00
9.800000000000000000e+01 5.062009192451316864e+00
9.900000000000000000e+01 4.559829255153813321e+00
1.000000000000000000e+02 4.057649317856309779e+00
1.010000000000000000e+02 3.555469380558805348e+00
1.020000000000000000e+02 3.053289443261301805e+00
1.030000000000000000e+02 2.551109505963798263e+00
1.040000000000000000e+02 2.085459237607373506e+00
1.050000000000000000e+02 1.948575989720679136e+00
1.060000000000000000e+02 1.811692741833984766e+00
1.070000000000000000e+02 1.674809493947290395e+00
1.080000000000000000e+02 1.537926246060596025e+00
1.090000000000000000e+02 1.401042998173901655e+00
1.100000000000000000e+02 1.264159750287207284e+00
1.110000000000000000e+02 1.127276502400512914e+00
1.120000000000000000e+02 9.903932545138187660e-01
1.130000000000000000e+02 8.535100066271243957e-01
1.140000000000000000e+02 7.166267587404300254e-01
1.150000000000000000e+02 5.797435108537356552e-01
1.160000000000000000e+02 4.428602629670412849e-01
1.170000000000000000e+02 3.059770150803469146e-01
1.180000000000000000e+02 1.690937671936525444e-01
1.190000000000000000e+02 3.221051930695839616e-02
1.200000000000000000e+02 -1.046727285797359741e-01
