0.000000000000000000e+00 0.000000000000000000e+00
1.000000000000000000e+00 7.209490494770031122e-01
2.000000000000000000e+00 6.344032023435969281e-01
3.000000000000000000e+00 1.043685275287951741e+00
4.000000000000000000e+00 1.938764459726188605e+00
5.000000000000000000e+00 2.962454160345505016e+00
6.000000000000000000e+00 3.601360955601387470e+00
7.000000000000000000e+00 3.518401058392529368e+00
8.000000000000000000e+00 2.797980066153733070e+00
9.000000000000000000e+00 1.913291829584330195e+00
1.000000000000000000e+01 1.413723043279489389e+00
1.100000000000000000e+01 1.541455682601271304e+00
1.200000000000000000e+01 2.059481407100238748e+00
1.300000000000000000e+01 2.436909003982866917e+00
1.400000000000000000e+01 2.275602319260948470e+00
1.500000000000000000e+01 1.665381563254656472e+00
1.600000000000000000e+01 1.182160754634650646e+00
1.700000000000000000e+01 1.494119478497802911e+00
1.800000000000000000e+01 2.840939261375804215e+00
1.900000000000000000e+01 4.772579344894078091e+00
2.000000000000000000e+01 6.369155290512811263e+00
2.100000000000000000e+01 6.817647839222152228e+00
2.200000000000000000e+01 5.946895273722657471e+00
2.300000000000000000e+01 4.333265470340523784e+00
2.400000000000000000e+01 2.892436642188581430e+00
2.500000000000000000e+01 2.250771103351159930e+00
2.600000000000000000e+01 2.357991086939646763e+00
2.700000000000000000e+01 2.625588760455812576e+00
2.800000000000000000e+01 2.477502063019988654e+00
2.900000000000000000e+01 1.880313350956967611e+00
3.000000000000000000e+01 1.428068085154157618e+00
3.100000000000000000e+01 1.895270248013559922e+00
3.200000000000000000e+01 3.588318699902976139e+00
3.300000000000000000e+01 5.999677465113684605e+00
3.400000000000000000e+01 8.057350476934786343e+00
3.500000000000000000e+01 8.815604266246364062e+00
3.600000000000000000e+01 8.088193810337596545e+00
3.700000000000000000e+01 6.551001638706597241e+00
3.800000000000000000e+01 5.228652405547645543e+00
3.900000000000000000e+01 4.743394533397460755e+00
4.000000000000000000e+01 4.892636232367694404e+00
4.100000000000000000e+01 4.883162393885850605e+00
4.200000000000000000e+01 4.054655059479855161e+00
4.300000000000000000e+01 2.541249301618027090e+00
4.400000000000000000e+01 1.341476714422257244e+00
4.500000000000000000e+01 1.691080206594413715e+00
4.600000000000000000e+01 4.155860936441508890e+00
4.700000000000000000e+01 8.097787707340531327e+00
4.800000000000000000e+01 1.193343495216788597e+01
4.900000000000000000e+01 1.405531141526240546e+01
5.000000000000000000e+01 1.381093502412920770e+01
5.100000000000000000e+01 1.187356838991815522e+01
5.200000000000000000e+01 9.744000074308306836e+00
5.300000000000000000e+01 8.717396162892704581e+00
5.400000000000000000e+01 9.020975258485929515e+00
5.500000000000000000e+01 9.717846111234822004e+00
5.600000000000000000e+01 9.452444774038280428e+00
5.700000000000000000e+01 7.536254761925322398e+00
5.800000000000000000e+01 4.628963014796860342e+00
5.900000000000000000e+01 2.523928323069222213e+00
6.000000000000000000e+01 3.129769984381429282e+00
6.100000000000000000e+01 7.269212143554036665e+00
6.200000000000000000e+01 1.404955329413691700e+01
6.300000000000000000e+01 2.121441666936889447e+01
6.400000000000000000e+01 2.628694377977342711e+01
6.500000000000000000e+01 2.783716777703511625e+01
6.600000000000000000e+01 2.614070567885927687e+01
6.700000000000000000e+01 2.287034632433978487e+01
6.800000000000000000e+01 2.003848682540897386e+01
6.900000000000000000e+01 1.883850305433439587e+01
7.000000000000000000e+01 1.907045384872674632e+01
7.100000000000000000e+01 1.947385095601178051e+01
7.200000000000000000e+01 1.874980009136399772e+01
7.300000000000000000e+01 1.664895875344103970e+01
7.400000000000000000e+01 1.445411297960199981e+01
7.500000000000000000e+01 1.451529159030046756e+01
7.600000000000000000e+01 1.901702716186798270e+01
7.700000000000000000e+01 2.859283812996518392e+01
7.800000000000000000e+01 4.152568433677099335e+01
7.900000000000000000e+01 5.402253662221853148e+01
8.000000000000000000e+01 6.154910534326708671e+01
8.100000000000000000e+01 6.069800840768570538e+01
8.200000000000000000e+01 5.078160140722786053e+01
8.300000000000000000e+01 3.442090266846339830e+01
8.400000000000000000e+01 1.681097321407022349e+01
8.500000000000000000e+01 3.901788702144421528e+00
8.600000000000000000e+01 1.993350577804373913e-01
8.700000000000000000e+01 7.063884728609886032e+00
8.800000000000000000e+01 2.218795460869832681e+01
8.900000000000000000e+01 4.045866346836551486e+01
9.000000000000000000e+01 5.585066789569094681e+01
9.100000000000000000e+01 6.359103797552458559e+01
9.200000000000000000e+01 6.175264206490712127e+01
9.300000000000000000e+01 5.169568262635922196e+01
9.400000000000000000e+01 3.726706950618926584e+01
9.500000000000000000e+01 2.316926887333206508e+01
9.600000000000000000e+01 1.321067860280947315e+01
9.700000000000000000e+01 9.131015963540598079e+00
9.800000000000000000e+01 1.038616237883684867e+01
9.900000000000000000e+01 1.483394944625596068e+01
1.000000000000000000e+02 1.989285218214814677e+01
1.010000000000000000e+02 2.360846327327182692e+01
1.020000000000000000e+02 2.519611958171485355e+01
1.030000000000000000e+02 2.493912143130862091e+01
1.040000000000000000e+02 2.364152282778479730e+01
1.050000000000000000e+02 2.200722018893483778e+01
1.060000000000000000e+02 2.027826857231388757e+01
1.070000000000000000e+02 1.826480424186406637e+01
1.080000000000000000e+02 1.566324717696173074e+01
1.090000000000000000e+02 1.241723756708876891e+01
1.100000000000000000e+02 8.889353523659830003e+00
1.110000000000000000e+02 5.751691808246857995e+00
1.120000000000000000e+02 3.676026624258226239e+00
1.130000000000000000e+02 3.010422304799468485e+00
1.140000000000000000e+02 3.619397039602537447e+00
1.150000000000000000e+02 4.959630974885527621e+00
1.160000000000000000e+02 6.332530732589981781e+00
1.170000000000000000e+02 7.172396527425769719e+00
1.180000000000000000e+02 7.231287199976009994e+00
1.190000000000000000e+02 6.594492108904208116e+00
1.200000000000000000e+02 5.554162590121785925e+00
