0.000000000000000000e+00 0.000000000000000000e+00
1.000000000000000000e+00 1.400246798898150757e+01
2.000000000000000000e+00 1.242871375346324569e+01
3.000000000000000000e+00 9.433700583420277397e+00
4.000000000000000000e+00 5.835965381155530096e+00
5.000000000000000000e+00 2.714149080376249579e+00
6.000000000000000000e+00 1.115398119275041289e+00
7.000000000000000000e+00 1.736647721221671103e+00
8.000000000000000000e+00 4.674274298972217245e+00
9.000000000000000000e+00 9.335988378014837608e+00
1.000000000000000000e+01 1.456738014695263672e+01
1.100000000000000000e+01 1.897103084387494931e+01
1.200000000000000000e+01 2.131964505912405627e+01
1.300000000000000000e+01 2.092600120008243891e+01
1.400000000000000000e+01 1.785327109474001261e+01
1.500000000000000000e+01 1.291539870911838683e+01
1.600000000000000000e+01 7.487499373844411998e+00
1.700000000000000000e+01 3.183275562592039698e+00
1.800000000000000000e+01 1.456688444286940776e+00
1.900000000000000000e+01 3.180672342256984475e+00
2.000000000000000000e+01 8.281897975769581421e+00
2.100000000000000000e+01 1.556390283743136749e+01
2.200000000000000000e+01 2.287571825865619246e+01
2.300000000000000000e+01 2.770901890756271868e+01
2.400000000000000000e+01 2.811595927201891598e+01
2.500000000000000000e+01 2.361138631442992519e+01
2.600000000000000000e+01 1.560727417523735916e+01
2.700000000000000000e+01 7.050003008377575320e+00
2.800000000000000000e+01 1.288695678719519400e+00
2.900000000000000000e+01 6.275098512728460864e-01
3.000000000000000000e+01 5.254822613403461240e+00
3.100000000000000000e+01 1.311877487353651084e+01
3.200000000000000000e+01 2.085817413284952693e+01
3.300000000000000000e+01 2.534190880064705809e+01
3.400000000000000000e+01 2.504064721578278707e+01
3.500000000000000000e+01 2.055324793472372136e+01
3.600000000000000000e+01 1.408409145912810878e+01
3.700000000000000000e+01 8.235551198018313812e+00
3.800000000000000000e+01 4.808275195837033777e+00
3.900000000000000000e+01 4.213927327667787992e+00
4.000000000000000000e+01 5.685800268032383364e+00
4.100000000000000000e+01 8.002830484230106123e+00
4.200000000000000000e+01 1.020845891933055505e+01
4.300000000000000000e+01 1.191842113168485362e+01
4.400000000000000000e+01 1.315225793229641482e+01
4.500000000000000000e+01 1.394379952126668343e+01
4.600000000000000000e+01 1.408320754541039221e+01
4.700000000000000000e+01 1.318677002151419941e+01
4.800000000000000000e+01 1.102101154145540285e+01
4.900000000000000000e+01 7.821646576317626831e+00
5.000000000000000000e+01 4.360569826167644436e+00
5.100000000000000000e+01 1.693132032004286636e+00
5.200000000000000000e+01 7.253987848678715711e-01
5.300000000000000000e+01 1.839717255167047316e+00
5.400000000000000000e+01 4.760405848502473170e+00
5.500000000000000000e+01 8.689788940037750820e+00
5.600000000000000000e+01 1.260683953133738200e+01
5.700000000000000000e+01 1.557413703317752862e+01
5.800000000000000000e+01 1.694669057889786501e+01
5.900000000000000000e+01 1.646155033854751082e+01
6.000000000000000000e+01 1.424518259619004823e+01
6.100000000000000000e+01 1.077913770631671397e+01
6.200000000000000000e+01 6.833166008452556284e+00
6.300000000000000000e+01 3.349027078697706550e+00
6.400000000000000000e+01 1.264072644122485212e+00
6.500000000000000000e+01 1.296491752501069739e+00
6.600000000000000000e+01 3.747457355007327351e+00
6.700000000000000000e+01 8.384479593711089862e+00
6.800000000000000000e+01 1.444915031591748544e+01
6.900000000000000000e+01 2.079442536886250181e+01
7.000000000000000000e+01 2.612107159480033403e+01
7.100000000000000000e+01 2.926185253653906315e+01
7.200000000000000000e+01 2.945562893447705832e+01
7.300000000000000000e+01 2.655585482109658813e+01
7.400000000000000000e+01 2.112518188810102515e+01
7.500000000000000000e+01 1.438186367005746824e+01
7.600000000000000000e+01 7.988349062174386006e+00
7.700000000000000000e+01 3.707755190186793559e+00
7.800000000000000000e+01 2.992298445456656353e+00
7.900000000000000000e+01 6.596592605635875017e+00
8.000000000000000000e+01 1.431618156497568251e+01
8.100000000000000000e+01 2.493231324958177453e+01
8.200000000000000000e+01 3.640076675858734490e+01
8.300000000000000000e+01 4.626535085734413144e+01
8.400000000000000000e+01 5.221880773970497813e+01
8.500000000000000000e+01 5.268886056933060758e+01
8.600000000000000000e+01 4.730656357375210774e+01
8.700000000000000000e+01 3.712557880858426529e+01
8.800000000000000000e+01 2.450636464940317083e+01
8.900000000000000000e+01 1.265286656641932517e+01
9.000000000000000000e+01 4.877353791683805895e+00
9.100000000000000000e+01 3.751072830758317878e+00
9.200000000000000000e+01 1.035127823784024237e+01
9.300000000000000000e+01 2.381927223834479435e+01
9.400000000000000000e+01 4.138966432374156312e+01
9.500000000000000000e+01 5.894342905296792878e+01
9.600000000000000000e+01 7.199803473540256959e+01
9.700000000000000000e+01 7.691137615601093103e+01
9.800000000000000000e+01 7.198221661708744534e+01
9.900000000000000000e+01 5.811323373980765439e+01
1.000000000000000000e+02 3.878305873397212622e+01
1.010000000000000000e+02 1.924597577655275060e+01
1.020000000000000000e+02 5.107629892466960975e+00
1.030000000000000000e+02 6.495504821550970309e-01
1.040000000000000000e+02 7.415962913355275354e+00
1.050000000000000000e+02 2.356297659664283373e+01
1.060000000000000000e+02 4.427282818465670289e+01
1.070000000000000000e+02 6.319171376594847089e+01
1.080000000000000000e+02 7.446801788074301953e+01
1.090000000000000000e+02 7.469926096315950304e+01
1.100000000000000000e+02 6.407214441229241686e+01
1.110000000000000000e+02 4.624461594897161376e+01
1.120000000000000000e+02 2.699021341534545115e+01
1.130000000000000000e+02 1.211546679804569493e+01
1.140000000000000000e+02 5.455665581244345752e+00
1.150000000000000000e+02 7.713379928859433576e+00
1.160000000000000000e+02 1.653881361595333743e+01
1.170000000000000000e+02 2.772530459253343338e+01
1.180000000000000000e+02 3.694707939717747536e+01
1.190000000000000000e+02 4.129741188284899067e+01
1.200000000000000000e+02 4.005197976269494120e+01
