0.000000000000000000e+00 0.000000000000000000e+00
1.000000000000000000e+00 2.772882019214223392e-01
2.000000000000000000e+00 4.983008523426933900e-01
3.000000000000000000e+00 1.557718948075661913e+00
4.000000000000000000e+00 2.647401283300399477e+00
5.000000000000000000e+00 2.793700436397128506e+00
6.000000000000000000e+00 1.801163753064460860e+00
7.000000000000000000e+00 5.350854222943529637e-01
8.000000000000000000e+00 2.056550103632401594e-01
9.000000000000000000e+00 1.274447109264741806e+00
1.000000000000000000e+01 2.985470516875619928e+00
1.100000000000000000e+01 3.965471594356312135e+00
1.200000000000000000e+01 3.385144115782769081e+00
1.300000000000000000e+01 1.690773695342119520e+00
1.400000000000000000e+01 2.882553101117555916e-01
1.500000000000000000e+01 4.268869602076423297e-01
1.600000000000000000e+01 2.171986349870004052e+00
1.700000000000000000e+01 4.289543572960933027e+00
1.800000000000000000e+01 5.165291464711383895e+00
1.900000000000000000e+01 4.077355507975244819e+00
2.000000000000000000e+01 1.837178344248846962e+00
2.100000000000000000e+01 2.523856283668907685e-01
2.200000000000000000e+01 7.516302991267506117e-01
2.300000000000000000e+01 3.198474745530734964e+00
2.400000000000000000e+01 5.863219742288192649e+00
2.500000000000000000e+01 6.688843050451049876e+00
2.600000000000000000e+01 4.951140505832613670e+00
2.700000000000000000e+01 1.987326469874416857e+00
2.800000000000000000e+01 2.876386241908093777e-01
2.900000000000000000e+01 1.533837766124452662e+00
3.000000000000000000e+01 5.118725379786110530e+00
3.100000000000000000e+01 8.436511781010034738e+00
3.200000000000000000e+01 8.871264894403759982e+00
3.300000000000000000e+01 5.980842452833983636e+00
3.400000000000000000e+01 2.078655430796345183e+00
3.500000000000000000e+01 5.888216235062815329e-01
3.600000000000000000e+01 3.326959289133724074e+00
3.700000000000000000e+01 8.832201626788624083e+00
3.800000000000000000e+01 1.320833907109899741e+01
3.900000000000000000e+01 1.304076452525459828e+01
4.000000000000000000e+01 8.246136348319138776e+00
4.100000000000000000e+01 2.546282513506220813e+00
4.200000000000000000e+01 9.100940375612726063e-01
4.300000000000000000e+01 5.664263368979659319e+00
4.400000000000000000e+01 1.425464720359135562e+01
4.500000000000000000e+01 2.068905324934774725e+01
4.600000000000000000e+01 1.996472641341151544e+01
4.700000000000000000e+01 1.223950925367560494e+01
4.800000000000000000e+01 3.280270107225344844e+00
4.900000000000000000e+01 3.715270567416228964e-01
5.000000000000000000e+01 6.573874982115773591e+00
5.100000000000000000e+01 1.793447189358807492e+01
5.200000000000000000e+01 2.620646049779744402e+01
5.300000000000000000e+01 2.518748779483573230e+01
5.400000000000000000e+01 1.562707403713541687e+01
5.500000000000000000e+01 4.661423847321634284e+00
5.600000000000000000e+01 2.320973598005342253e-01
5.700000000000000000e+01 5.075684939430378684e+00
5.800000000000000000e+01 1.504579343774041966e+01
5.900000000000000000e+01 2.272971218041006125e+01
6.000000000000000000e+01 2.304604027366286090e+01
6.100000000000000000e+01 1.640387922597714265e+01
6.200000000000000000e+01 7.566171066963750746e+00
6.300000000000000000e+01 1.871783642770433964e+00
6.400000000000000000e+01 1.924232466445445544e+00
6.500000000000000000e+01 6.662144814904852552e+00
6.600000000000000000e+01 1.263794310726997061e+01
6.700000000000000000e+01 1.619585810471808074e+01
6.800000000000000000e+01 1.534390542714780992e+01
6.900000000000000000e+01 1.062695366969861865e+01
7.000000000000000000e+01 4.701422381199450662e+00
7.100000000000000000e+01 7.811746850592364844e-01
7.200000000000000000e+01 7.782025430106728203e-01
7.300000000000000000e+01 4.280624074084453667e+00
7.400000000000000000e+01 8.980409724172229602e+00
7.500000000000000000e+01 1.213423063392119339e+01
7.600000000000000000e+01 1.204928857728189229e+01
7.700000000000000000e+01 8.838350398875022051e+00
7.800000000000000000e+01 4.267631074780080525e+00
7.900000000000000000e+01 8.388397034307308875e-01
8.000000000000000000e+01 4.149241250230990552e-01
8.100000000000000000e+01 3.054263488076768063e+00
8.200000000000000000e+01 6.930617640058821749e+00
8.300000000000000000e+01 9.603814096588887850e+00
8.400000000000000000e+01 9.700070215478456603e+00
8.500000000000000000e+01 7.582273633968170223e+00
8.600000000000000000e+01 4.612455466004658611e+00
8.700000000000000000e+01 2.044410733390396917e+00
8.800000000000000000e+01 6.720222711753006672e-01
8.900000000000000000e+01 1.057586566208193579e+00
9.000000000000000000e+01 3.359660353050628601e+00
9.100000000000000000e+01 6.674253380850984740e+00
9.200000000000000000e+01 9.053929849545253816e+00
9.300000000000000000e+01 8.884159460011542109e+00
9.400000000000000000e+01 6.413174114842502327e+00
9.500000000000000000e+01 3.595740456983490763e+00
9.600000000000000000e+01 2.274052687125230232e+00
9.700000000000000000e+01 2.800118642149044934e+00
9.800000000000000000e+01 4.576493425330900422e+00
9.900000000000000000e+01 7.330220868477409724e+00
1.000000000000000000e+02 1.095591083996775517e+01
1.010000000000000000e+02 1.409093483672945624e+01
1.020000000000000000e+02 1.406201556659421925e+01
1.030000000000000000e+02 9.558261926745139192e+00
1.040000000000000000e+02 3.381710183451508644e+00
1.050000000000000000e+02 1.237003474557539340e+00
1.060000000000000000e+02 6.482162775813720579e+00
1.070000000000000000e+02 1.595204825494956324e+01
1.080000000000000000e+02 2.189068167566379230e+01
1.090000000000000000e+02 1.892072732513172895e+01
1.100000000000000000e+02 9.332930475320338815e+00
1.110000000000000000e+02 1.246093635607679495e+00
1.120000000000000000e+02 1.270700608286251088e+00
1.130000000000000000e+02 8.733779814094104310e+00
1.140000000000000000e+02 1.674985817384310849e+01
1.150000000000000000e+02 1.863836327248660751e+01
1.160000000000000000e+02 1.344059988802514205e+01
1.170000000000000000e+02 5.872445508502884159e+00
1.180000000000000000e+02 1.619409476598820286e+00
1.190000000000000000e+02 2.721918709562646477e+00
1.200000000000000000e+02 6.798092620578940704e+00
