0.000000000000000000e+00 0.000000000000000000e+00
1.000000000000000000e+00 5.880078378676365514e-01
2.000000000000000000e+00 4.129988940905579553e-01
3.000000000000000000e+00 3.085894926563224200e-02
4.000000000000000000e+00 4.102921477160177410e-01
5.000000000000000000e+00 8.272531800735773988e-01
6.000000000000000000e+00 4.168428234548416378e-01
7.000000000000000000e+00 4.440735280301172372e-02
8.000000000000000000e+00 3.218618946260904945e-01
9.000000000000000000e+00 6.638430655540011882e-01
1.000000000000000000e+01 4.710062089869702096e-01
1.100000000000000000e+01 1.113712388814187548e-01
1.200000000000000000e+01 1.156145906672838564e-01
1.300000000000000000e+01 3.736345929818481459e-01
1.400000000000000000e+01 4.580323120120016744e-01
1.500000000000000000e+01 2.608890749680929377e-01
1.600000000000000000e+01 5.291838266825776849e-02
1.700000000000000000e+01 9.069703703732370781e-02
1.800000000000000000e+01 3.092137069771942470e-01
1.900000000000000000e+01 3.912307598061320890e-01
2.000000000000000000e+01 2.074613230838056599e-01
2.100000000000000000e+01 1.386385670344891623e-02
2.200000000000000000e+01 1.082864067510027478e-01
2.300000000000000000e+01 3.755567591693578233e-01
2.400000000000000000e+01 4.342236398433158007e-01
2.500000000000000000e+01 2.459943257044586440e-01
2.600000000000000000e+01 6.231080636520266308e-02
2.700000000000000000e+01 1.999125458056599247e-01
2.800000000000000000e+01 5.451638004319091513e-01
2.900000000000000000e+01 6.408746127800870607e-01
3.000000000000000000e+01 2.897291868221421596e-01
3.100000000000000000e+01 6.340526500157298018e-02
3.200000000000000000e+01 4.523056667146228560e-01
3.300000000000000000e+01 9.705557811317825356e-01
3.400000000000000000e+01 7.403117481072655215e-01
3.500000000000000000e+01 1.219827972784641862e-01
3.600000000000000000e+01 2.166668901917986889e-01
3.700000000000000000e+01 1.003416846274371776e+00
3.800000000000000000e+01 1.270928201651850387e+00
3.900000000000000000e+01 5.431786113498590085e-01
4.000000000000000000e+01 2.234964296322394794e-02
4.100000000000000000e+01 6.978385119814722870e-01
4.200000000000000000e+01 1.601349140679372063e+00
4.300000000000000000e+01 1.299906098000481292e+00
4.400000000000000000e+01 2.797775283141839542e-01
4.500000000000000000e+01 2.536874655154907621e-01
4.600000000000000000e+01 1.323825826745206102e+00
4.700000000000000000e+01 1.840388912461425441e+00
4.800000000000000000e+01 8.982817985867166399e-01
4.900000000000000000e+01 3.045528926846075013e-01
5.000000000000000000e+01 7.693385624224010622e-01
5.100000000000000000e+01 9.380704214844325373e-01
5.200000000000000000e+01 1.290674206160201232e+00
5.300000000000000000e+01 1.114266200891109948e+00
5.400000000000000000e+01 2.712344926579708937e-01
5.500000000000000000e+01 1.169002753248064158e-01
5.600000000000000000e+01 8.223303752354257368e-01
5.700000000000000000e+01 1.141114835991637877e+00
5.800000000000000000e+01 8.943967741654574866e-01
5.900000000000000000e+01 6.938678951003143247e-01
6.000000000000000000e+01 4.104731693233938938e-01
6.100000000000000000e+01 4.390393049079498455e-01
6.200000000000000000e+01 1.216795543516328237e+00
6.300000000000000000e+01 1.563003520974203253e+00
6.400000000000000000e+01 3.876547016106791088e-01
6.500000000000000000e+01 4.197676236154603835e-01
6.600000000000000000e+01 1.035913409323401257e+00
6.700000000000000000e+01 6.350768364593837312e-01
6.800000000000000000e+01 3.584009317195176458e-01
6.900000000000000000e+01 6.036511020592382204e-01
7.000000000000000000e+01 7.967104172826019459e-01
7.100000000000000000e+01 1.544583283395353779e-01
7.200000000000000000e+01 1.989566629371211925e-01
7.300000000000000000e+01 6.558065440464837526e-01
7.400000000000000000e+01 6.684602952076224014e-01
7.500000000000000000e+01 2.138731737370263564e-01
7.600000000000000000e+01 6.365063239580345256e-01
7.700000000000000000e+01 1.027829554102864584e+00
7.800000000000000000e+01 3.225796026052606957e-01
7.900000000000000000e+01 1.537903997082817331e-01
8.000000000000000000e+01 8.372840598951259983e-01
8.100000000000000000e+01 1.000519847549789620e+00
8.200000000000000000e+01 2.366782368582475427e-01
8.300000000000000000e+01 1.130141692911963563e-01
8.400000000000000000e+01 8.108621911384422676e-01
8.500000000000000000e+01 8.288438430888842579e-01
8.600000000000000000e+01 1.295767691042824521e-01
8.700000000000000000e+01 1.954526261866881276e-01
8.800000000000000000e+01 9.207842007395350414e-01
8.900000000000000000e+01 7.652975501464627239e-01
9.000000000000000000e+01 6.866243479407312111e-02
9.100000000000000000e+01 3.978526935434002487e-01
9.200000000000000000e+01 1.140709338534981132e+00
9.300000000000000000e+01 8.197869921286105033e-01
9.400000000000000000e+01 6.529529011420512341e-02
9.500000000000000000e+01 6.094954463928980992e-01
9.600000000000000000e+01 1.517406375867843993e+00
9.700000000000000000e+01 9.904280745932284580e-01
9.800000000000000000e+01 1.616630305218085817e-01
9.900000000000000000e+01 7.956324052808996239e-01
1.000000000000000000e+02 1.910826581935210156e+00
1.010000000000000000e+02 8.604143467566846004e-01
1.020000000000000000e+02 7.322900196230050507e-02
1.030000000000000000e+02 1.216317368598952786e+00
1.040000000000000000e+02 1.456377440015633074e+00
1.050000000000000000e+02 3.970533060882414644e-01
1.060000000000000000e+02 2.546511178637970163e-01
1.070000000000000000e+02 1.014192035906201328e+00
1.080000000000000000e+02 8.357679169614481429e-01
1.090000000000000000e+02 2.595379371619545572e-01
1.100000000000000000e+02 3.736943156343690564e-01
1.110000000000000000e+02 6.051224807848225584e-01
1.120000000000000000e+02 3.957519022869612213e-01
1.130000000000000000e+02 4.104578835467029840e-01
1.140000000000000000e+02 3.711064433239523730e-01
1.150000000000000000e+02 9.143845286876638168e-02
1.160000000000000000e+02 3.004660572546021258e-01
1.170000000000000000e+02 2.928130205329190772e-01
1.180000000000000000e+02 1.510071837521818616e-01
1.190000000000000000e+02 1.509925762869211430e-01
1.200000000000000000e+02 5.769959547102934683e-02
