0.000000000000000000e+00 4.874396259540992205e+00
1.000000000000000000e+00 4.966751885204423012e+00
2.000000000000000000e+00 5.059107510867853819e+00
3.000000000000000000e+00 5.151463136531284626e+00
4.000000000000000000e+00 5.243818762194715433e+00
5.000000000000000000e+00 5.336174387858146240e+00
6.000000000000000000e+00 5.428530013521577047e+00
7.000000000000000000e+00 5.520885639185007854e+00
8.000000000000000000e+00 5.613241264848438661e+00
9.000000000000000000e+00 5.705596890511868580e+00
1.000000000000000000e+01 5.797952516175299387e+00
1.100000000000000000e+01 5.890308141838730194e+00
1.200000000000000000e+01 5.982663767502161001e+00
1.300000000000000000e+01 6.075019393165591808e+00
1.400000000000000000e+01 6.167375018829022615e+00
1.500000000000000000e+01 6.259730644492453422e+00
1.600000000000000000e+01 6.352086270155884229e+00
1.700000000000000000e+01 6.444441895819315036e+00
1.800000000000000000e+01 6.537740656609506651e+00
1.900000000000000000e+01 6.639527633540545537e+00
2.000000000000000000e+01 6.741314610471584423e+00
2.100000000000000000e+01 6.843101587402623309e+00
2.200000000000000000e+01 6.944888564333662195e+00
2.300000000000000000e+01 7.046675541264701081e+00
2.400000000000000000e+01 7.148462518195739968e+00
2.500000000000000000e+01 7.250249495126778854e+00
2.600000000000000000e+01 7.352036472057816852e+00
2.700000000000000000e+01 7.453823448988856626e+00
2.800000000000000000e+01 7.555610425919894624e+00
2.900000000000000000e+01 7.657397402850933510e+00
3.000000000000000000e+01 7.759184379781972396e+00
3.100000000000000000e+01 7.860971356713011282e+00
3.200000000000000000e+01 7.962758333644050168e+00
3.300000000000000000e+01 8.070096871006045447e+00
3.400000000000000000e+01 8.227399452246640266e+00
3.500000000000000000e+01 8.384702033487235084e+00
3.600000000000000000e+01 8.542004614727829903e+00
3.700000000000000000e+01 8.699307195968424722e+00
3.800000000000000000e+01 8.856609777209021317e+00
3.900000000000000000e+01 9.013912358449616136e+00
4.000000000000000000e+01 9.171214939690210954e+00
4.100000000000000000e+01 9.328517520930805773e+00
4.200000000000000000e+01 9.485820102171402368e+00
4.300000000000000000e+01 9.643122683411997187e+00
4.400000000000000000e+01 9.800425264652592006e+00
4.500000000000000000e+01 9.957727845893186824e+00
4.600000000000000000e+01 1.011503042713378164e+01
4.700000000000000000e+01 1.027233300837437824e+01
4.800000000000000000e+01 1.043168583715949715e+01
4.900000000000000000e+01 1.060949089384533650e+01
5.000000000000000000e+01 1.078729595053117585e+01
5.100000000000000000e+01 1.096510100721701519e+01
5.200000000000000000e+01 1.114290606390285454e+01
5.300000000000000000e+01 1.132071112058869566e+01
5.400000000000000000e+01 1.149851617727453501e+01
5.500000000000000000e+01 1.167632123396037436e+01
5.600000000000000000e+01 1.185412629064621370e+01
5.700000000000000000e+01 1.203193134733205305e+01
5.800000000000000000e+01 1.220973640401789240e+01
5.900000000000000000e+01 1.238754146070373174e+01
6.000000000000000000e+01 1.256534651738957109e+01
6.100000000000000000e+01 1.274315157407541221e+01
6.200000000000000000e+01 1.290406903957880935e+01
6.300000000000000000e+01 1.291299818444023195e+01
6.400000000000000000e+01 1.292192732930165455e+01
6.500000000000000000e+01 1.293085647416307715e+01
6.600000000000000000e+01 1.293978561902450153e+01
6.700000000000000000e+01 1.294871476388592413e+01
6.800000000000000000e+01 1.295764390874734673e+01
6.900000000000000000e+01 1.296657305360876933e+01
7.000000000000000000e+01 1.297550219847019193e+01
7.100000000000000000e+01 1.298443134333161453e+01
7.200000000000000000e+01 1.299336048819303713e+01
7.300000000000000000e+01 1.300228963305445973e+01
7.400000000000000000e+01 1.301121877791588410e+01
7.500000000000000000e+01 1.302014792277730670e+01
7.600000000000000000e+01 1.302907706763872930e+01
7.700000000000000000e+01 1.301950851213093863e+01
7.800000000000000000e+01 1.284346065330022313e+01
7.900000000000000000e+01 1.266741279446950585e+01
8.000000000000000000e+01 1.249136493563878858e+01
8.100000000000000000e+01 1.231531707680807308e+01
8.200000000000000000e+01 1.213926921797735581e+01
8.300000000000000000e+01 1.196322135914664031e+01
8.400000000000000000e+01 1.178717350031592304e+01
8.500000000000000000e+01 1.161112564148520754e+01
8.600000000000000000e+01 1.143507778265449026e+01
8.700000000000000000e+01 1.125902992382377477e+01
8.800000000000000000e+01 1.108298206499305749e+01
8.900000000000000000e+01 1.090693420616234022e+01
9.000000000000000000e+01 1.073088634733162472e+01
9.100000000000000000e+01 1.055483848850090745e+01
9.200000000000000000e+01 1.037879062967019195e+01
9.300000000000000000e+01 1.019670727921867304e+01
9.400000000000000000e+01 9.960304504179937624e+00
9.500000000000000000e+01 9.723901729141202210e+00
9.600000000000000000e+01 9.487498954102465021e+00
9.700000000000000000e+01 9.251096179063729608e+00
9.800000000000000000e+01 9.014693404024994194e+00
9.900000000000000000e+01 8.778290628986257005e+00
1.000000000000000000e+02 8.541887853947521592e+00
1.010000000000000000e+02 8.305485078908786178e+00
1.020000000000000000e+02 8.069082303870048989e+00
1.030000000000000000e+02 7.832679528831313576e+00
1.040000000000000000e+02 7.596276753792577274e+00
1.050000000000000000e+02 7.359873978753840973e+00
1.060000000000000000e+02 7.123471203715105560e+00
1.070000000000000000e+02 6.887068428676370146e+00
1.080000000000000000e+02 6.650665653637632957e+00
1.090000000000000000e+02 6.414262878598897544e+00
1.100000000000000000e+02 6.177860103560161242e+00
1.110000000000000000e+02 5.941457328521425829e+00
1.120000000000000000e+02 5.705054553482689528e+00
1.130000000000000000e+02 5.468651778443953226e+00
1.140000000000000000e+02 5.232249003405217813e+00
1.150000000000000000e+02 4.995846228366481512e+00
1.160000000000000000e+02 4.759443453327745210e+00
1.170000000000000000e+02 4.523040678289009797e+00
1.180000000000000000e+02 4.286637903250273496e+00
1.190000000000000000e+02 4.050235128211537194e+00
1.200000000000000000e+02 3.813832353172801781e+00
