0.000000000000000000e+00 0.000000000000000000e+00
1.000000000000000000e+00 9.061422779855026199e-01
2.000000000000000000e+00 1.694639442390086792e+00
3.000000000000000000e+00 2.577274820996599658e+00
4.000000000000000000e+00 3.404307530484845579e+00
5.000000000000000000e+00 4.027855868494386371e+00
6.000000000000000000e+00 4.330354615211337688e+00
7.000000000000000000e+00 4.248571612091231131e+00
8.000000000000000000e+00 3.788302730857381118e+00
9.000000000000000000e+00 3.026489536075490872e+00
1.000000000000000000e+01 2.099828068044171658e+00
1.100000000000000000e+01 1.181522957675278818e+00
1.200000000000000000e+01 4.501889859838773544e-01
1.300000000000000000e+01 5.654795879768338696e-02
1.400000000000000000e+01 9.417498384072958695e-02
1.500000000000000000e+01 5.799719919114155742e-01
1.600000000000000000e+01 1.448369692668745490e+00
1.700000000000000000e+01 2.560776605648861892e+00
1.800000000000000000e+01 3.728959107783641258e+00
1.900000000000000000e+01 4.748378695478550071e+00
2.000000000000000000e+01 5.435537459803480687e+00
2.100000000000000000e+01 5.662476731499827665e+00
2.200000000000000000e+01 5.381930314741106613e+00
2.300000000000000000e+01 4.638213520481214047e+00
2.400000000000000000e+01 3.561463966009402515e+00
2.500000000000000000e+01 2.345888046267062599e+00
2.600000000000000000e+01 1.215653314982121813e+00
2.700000000000000000e+01 3.844448053324667214e-01
2.800000000000000000e+01 1.601672304169346472e-02
2.900000000000000000e+01 1.930519383927057353e-01
3.000000000000000000e+01 9.002640587066319533e-01
3.100000000000000000e+01 2.025166612999188320e+00
3.200000000000000000e+01 3.376733231673645808e+00
3.300000000000000000e+01 4.718862783564093277e+00
3.400000000000000000e+01 5.812759060221548424e+00
3.500000000000000000e+01 6.460569911170381374e+00
3.600000000000000000e+01 6.542256877627462330e+00
3.700000000000000000e+01 6.038780938567377632e+00
3.800000000000000000e+01 5.037112594807805266e+00
3.900000000000000000e+01 3.715874627704723210e+00
4.000000000000000000e+01 2.313999031159891473e+00
4.100000000000000000e+01 1.087958933631093750e+00
4.200000000000000000e+01 2.653185034805513598e-01
4.300000000000000000e+01 3.105674532348059839e-03
4.400000000000000000e+01 3.586949333151703834e-01
4.500000000000000000e+01 1.278629613520675168e+00
4.600000000000000000e+01 2.607529524828331891e+00
4.700000000000000000e+01 4.115532722347847283e+00
4.800000000000000000e+01 5.539303724705998633e+00
4.900000000000000000e+01 6.629146605305768603e+00
5.000000000000000000e+01 7.193656561839739894e+00
5.100000000000000000e+01 7.133829000443084212e+00
5.200000000000000000e+01 6.460519228485920529e+00
5.300000000000000000e+01 5.292225977437291284e+00
5.400000000000000000e+01 3.833771270965153466e+00
5.500000000000000000e+01 2.339891855617535654e+00
5.600000000000000000e+01 1.070409785367834044e+00
5.700000000000000000e+01 2.450400582853268783e-01
5.800000000000000000e+01 5.797241980882125376e-03
5.900000000000000000e+01 3.934392589267595164e-01
6.000000000000000000e+01 1.341755487684332948e+00
6.100000000000000000e+01 2.690280569100772290e+00
6.200000000000000000e+01 4.212795380419214197e+00
6.300000000000000000e+01 5.656335597033404383e+00
6.400000000000000000e+01 6.783807276026973199e+00
6.500000000000000000e+01 7.412943814739430870e+00
6.600000000000000000e+01 7.445229521031063058e+00
6.700000000000000000e+01 6.880341476402128897e+00
6.800000000000000000e+01 5.814237184483426191e+00
6.900000000000000000e+01 4.421769124767550352e+00
7.000000000000000000e+01 2.927170725710337873e+00
7.100000000000000000e+01 1.567546938463918682e+00
7.200000000000000000e+01 5.553731570385811445e-01
7.300000000000000000e+01 4.588367726594860807e-02
7.400000000000000000e+01 1.142043030228826195e-01
7.500000000000000000e+01 7.453753203515551817e-01
7.600000000000000000e+01 1.838327504134981805e+00
7.700000000000000000e+01 3.222750347927066272e+00
7.800000000000000000e+01 4.685939445571803752e+00
7.900000000000000000e+01 6.005374009398813939e+00
8.000000000000000000e+01 6.982108365506852543e+00
8.100000000000000000e+01 7.470112595201475969e+00
8.200000000000000000e+01 7.397418765555022091e+00
8.300000000000000000e+01 6.776189716662262441e+00
8.400000000000000000e+01 5.700437689898286919e+00
8.500000000000000000e+01 4.331858835373814998e+00
8.600000000000000000e+01 2.875890663908261313e+00
8.700000000000000000e+01 1.551436736884262313e+00
8.800000000000000000e+01 5.585714122630744960e-01
8.900000000000000000e+01 4.882974679567836374e-02
9.000000000000000000e+01 1.023641485195575657e-01
9.100000000000000000e+01 7.153431295131240653e-01
9.200000000000000000e+01 1.799582393171358596e+00
9.300000000000000000e+01 3.194700801394700918e+00
9.400000000000000000e+01 4.691297180553585910e+00
9.500000000000000000e+01 6.061988029855802651e+00
9.600000000000000000e+01 7.095869451595220312e+00
9.700000000000000000e+01 7.631275452837948947e+00
9.800000000000000000e+01 7.581741677972646087e+00
9.900000000000000000e+01 6.950898542192716079e+00
1.000000000000000000e+02 5.833547777978442817e+00
1.010000000000000000e+02 4.402239757411654963e+00
1.020000000000000000e+02 2.880977412045959696e+00
1.030000000000000000e+02 1.509865150242597931e+00
1.040000000000000000e+02 5.062170967065781069e-01
1.050000000000000000e+02 2.850375479803378062e-02
1.060000000000000000e+02 1.493297821548305315e-01
1.070000000000000000e+02 8.423487063506783779e-01
1.080000000000000000e+02 1.985784765857491863e+00
1.090000000000000000e+02 3.382393314460771627e+00
1.100000000000000000e+02 4.792740709267653720e+00
1.110000000000000000e+02 5.976174392963445214e+00
1.120000000000000000e+02 6.732289498057419941e+00
1.130000000000000000e+02 6.935430489212928151e+00
1.140000000000000000e+02 6.555906373525139941e+00
1.150000000000000000e+02 5.663977969756770037e+00
1.160000000000000000e+02 4.415867104848704372e+00
1.170000000000000000e+02 3.024428193066505344e+00
1.180000000000000000e+02 1.720038500931978298e+00
1.190000000000000000e+02 7.091104709341825574e-01
1.200000000000000000e+02 1.380235094827154396e-01
