0.000000000000000000e+00 0.000000000000000000e+00
1.000000000000000000e+00 5.262708775529249816e-02
2.000000000000000000e+00 1.868569780492762220e-02
3.000000000000000000e+00 5.216984083604271974e-03
4.000000000000000000e+00 1.693449843164730045e-02
5.000000000000000000e+00 5.534743130545743267e-02
6.000000000000000000e+00 1.181829211756197096e-01
7.000000000000000000e+00 1.992979442872801488e-01
8.000000000000000000e+00 2.891683098785717276e-01
9.000000000000000000e+00 3.759689824024127214e-01
1.000000000000000000e+01 4.471674425225496963e-01
1.100000000000000000e+01 4.914508219444300163e-01
1.200000000000000000e+01 5.007145455170403103e-01
1.300000000000000000e+01 4.717758031751616010e-01
1.400000000000000000e+01 4.074606332242787232e-01
1.500000000000000000e+01 3.167654257834774389e-01
1.600000000000000000e+01 2.139183758325101936e-01
1.700000000000000000e+01 1.163542720818576681e-01
1.800000000000000000e+01 4.183946051430141588e-02
1.900000000000000000e+01 5.199484455991077239e-03
2.000000000000000000e+01 1.525781577257656618e-02
2.100000000000000000e+01 7.264137591665097149e-02
2.200000000000000000e+01 1.690151275543536891e-01
2.300000000000000000e+01 2.880708693828792910e-01
2.400000000000000000e+01 4.082473334032253320e-01
2.500000000000000000e+01 5.067667314327100048e-01
2.600000000000000000e+01 5.642265309572280785e-01
2.700000000000000000e+01 5.687765238357275210e-01
2.800000000000000000e+01 5.189106268905205877e-01
2.900000000000000000e+01 4.241369430819583730e-01
3.000000000000000000e+01 3.032276621359920599e-01
3.100000000000000000e+01 1.803045586668244327e-01
3.200000000000000000e+01 7.955737650756597446e-02
3.300000000000000000e+01 1.978118349540011062e-02
3.400000000000000000e+01 1.004001250335430362e-02
3.500000000000000000e+01 4.756222673647081400e-02
3.600000000000000000e+01 1.184733178789021818e-01
3.700000000000000000e+01 2.012817458563573580e-01
3.800000000000000000e+01 2.723212884984153037e-01
3.900000000000000000e+01 3.118077707528232878e-01
4.000000000000000000e+01 3.089475293276274237e-01
4.100000000000000000e+01 2.647214022935440170e-01
4.200000000000000000e+01 1.915372843317993679e-01
4.300000000000000000e+01 1.097642894271013136e-01
4.400000000000000000e+01 4.202082137888774743e-02
4.500000000000000000e+01 6.749974517998181406e-03
4.600000000000000000e+01 1.288070326322296281e-02
4.700000000000000000e+01 5.714287110156459487e-02
4.800000000000000000e+01 1.249137613235528077e-01
4.900000000000000000e+01 1.944921736616024854e-01
5.000000000000000000e+01 2.436882615106369943e-01
5.100000000000000000e+01 2.568729061704460026e-01
5.200000000000000000e+01 2.303834082197358524e-01
5.300000000000000000e+01 1.745381124772171777e-01
5.400000000000000000e+01 1.114086969539836991e-01
5.500000000000000000e+01 6.871068526126902776e-02
5.600000000000000000e+01 7.136741053277015356e-02
5.700000000000000000e+01 1.331280523394204329e-01
5.800000000000000000e+01 2.508062072631834782e-01
5.900000000000000000e+01 4.031478067729779569e-01
6.000000000000000000e+01 5.551406991256977452e-01
6.100000000000000000e+01 6.670408277671582287e-01
6.200000000000000000e+01 7.059307631454525556e-01
6.300000000000000000e+01 6.566735289804904729e-01
6.400000000000000000e+01 5.289931477168351437e-01
6.500000000000000000e+01 3.582068749710153321e-01
6.600000000000000000e+01 1.987011955363340576e-01
6.700000000000000000e+01 1.112031940927258045e-01
6.800000000000000000e+01 1.467323627670565345e-01
6.900000000000000000e+01 3.313057804192248712e-01
7.000000000000000000e+01 6.556361294095621739e-01
7.100000000000000000e+01 1.073087903869829773e+00
7.200000000000000000e+01 1.507227316275142392e+00
7.300000000000000000e+01 1.867871321973594956e+00
7.400000000000000000e+01 2.072227575909043384e+00
7.500000000000000000e+01 2.066139693516489739e+00
7.600000000000000000e+01 1.840067684042465901e+00
7.700000000000000000e+01 1.435407029803517531e+00
7.800000000000000000e+01 9.388996099521881300e-01
7.900000000000000000e+01 4.657210512604427199e-01
8.000000000000000000e+01 1.346532819134220182e-01
8.100000000000000000e+01 4.085694926179521402e-02
8.200000000000000000e+01 2.325944452880654989e-01
8.300000000000000000e+01 6.975729221711886030e-01
8.400000000000000000e+01 1.362502674491125054e+00
8.500000000000000000e+01 2.106471419374732257e+00
8.600000000000000000e+01 2.785524708019357032e+00
8.700000000000000000e+01 3.263183293213683278e+00
8.800000000000000000e+01 3.440159069344310261e+00
8.900000000000000000e+01 3.276608500809910396e+00
9.000000000000000000e+01 2.801874239333510097e+00
9.100000000000000000e+01 2.109437069543484977e+00
9.200000000000000000e+01 1.338087189750435391e+00
9.300000000000000000e+01 6.433690910264803220e-01
9.400000000000000000e+01 1.654682143765435764e-01
9.500000000000000000e+01 4.272734890101761432e-04
9.600000000000000000e+01 1.807710458216864879e-01
9.700000000000000000e+01 6.694955557506464539e-01
9.800000000000000000e+01 1.368444806763367660e+00
9.900000000000000000e+01 2.139023511363175256e+00
1.000000000000000000e+02 2.830652594988836146e+00
1.010000000000000000e+02 3.310896348434695380e+00
1.020000000000000000e+02 3.491051292935213990e+00
1.030000000000000000e+02 3.342158961191407318e+00
1.040000000000000000e+02 2.898578422783993691e+00
1.050000000000000000e+02 2.248921660462424477e+00
1.060000000000000000e+02 1.516730931763878854e+00
1.070000000000000000e+02 8.352302815629331079e-01
1.080000000000000000e+02 3.214447796175542438e-01
1.090000000000000000e+02 5.481260245237096207e-02
1.100000000000000000e+02 6.422218605861081120e-02
1.110000000000000000e+02 3.254991101610400506e-01
1.120000000000000000e+02 7.691799160458854256e-01
1.130000000000000000e+02 1.296403250237241345e+00
1.140000000000000000e+02 1.799312223895139562e+00
1.150000000000000000e+02 2.181740374598255094e+00
1.160000000000000000e+02 2.376208729574684320e+00
1.170000000000000000e+02 2.354274287742103677e+00
1.180000000000000000e+02 2.128780375317735007e+00
1.190000000000000000e+02 1.748229202313359432e+00
1.200000000000000000e+02 1.284985927909704451e+00
