0.000000000000000000e+00 0.000000000000000000e+00
1.000000000000000000e+00 1.836620958891068134e-01
2.000000000000000000e+00 2.491253232767726422e-01
3.000000000000000000e+00 2.680306623909493591e-01
4.000000000000000000e+00 2.077482058591961778e-01
5.000000000000000000e+00 1.093099039796352062e-01
6.000000000000000000e+00 7.488747816905153010e-02
7.000000000000000000e+00 1.854741632339255708e-01
8.000000000000000000e+00 4.205082235541838243e-01
9.000000000000000000e+00 6.560137805218233531e-01
1.000000000000000000e+01 7.466440871269134361e-01
1.100000000000000000e+01 6.277701483622349921e-01
1.200000000000000000e+01 3.682941159482748805e-01
1.300000000000000000e+01 1.458846749206482163e-01
1.400000000000000000e+01 1.550623365523551012e-01
1.500000000000000000e+01 4.850539368465973111e-01
1.600000000000000000e+01 1.032878591501050769e+00
1.700000000000000000e+01 1.526540622798501889e+00
1.800000000000000000e+01 1.679192345047070045e+00
1.900000000000000000e+01 1.391775428610740661e+00
2.000000000000000000e+01 8.603537048632239337e-01
2.100000000000000000e+01 4.962399665368536494e-01
2.200000000000000000e+01 6.931464436927139428e-01
2.300000000000000000e+01 1.571607446954039755e+00
2.400000000000000000e+01 2.843624945089267442e+00
2.500000000000000000e+01 3.895099582859479881e+00
2.600000000000000000e+01 4.104005329284915682e+00
2.700000000000000000e+01 3.282614824108128548e+00
2.800000000000000000e+01 1.978220619900752597e+00
2.900000000000000000e+01 1.326323891006328415e+00
3.000000000000000000e+01 2.370832976968361372e+00
3.100000000000000000e+01 5.194842159680902682e+00
3.200000000000000000e+01 8.524436531332840516e+00
3.300000000000000000e+01 1.031690914605216669e+01
3.400000000000000000e+01 9.178522070946451450e+00
3.500000000000000000e+01 5.695857648701243114e+00
3.600000000000000000e+01 2.547193255021329428e+00
3.700000000000000000e+01 2.937212062165690085e+00
3.800000000000000000e+01 8.156607049535381293e+00
3.900000000000000000e+01 1.602104179252419414e+01
4.000000000000000000e+01 2.171283000855480338e+01
4.100000000000000000e+01 2.098690467690837735e+01
4.200000000000000000e+01 1.372956915806493683e+01
4.300000000000000000e+01 5.019593102936326545e+00
4.400000000000000000e+01 2.187394048232412125e+00
4.500000000000000000e+01 9.366316323698244517e+00
4.600000000000000000e+01 2.351665598657088907e+01
4.700000000000000000e+01 3.554768328296819391e+01
4.800000000000000000e+01 3.658420539180516329e+01
4.900000000000000000e+01 2.507614220411262806e+01
5.000000000000000000e+01 9.015914276178126130e+00
5.100000000000000000e+01 7.688720496209648925e-01
5.200000000000000000e+01 7.824547383927997757e+00
5.300000000000000000e+01 2.649863148501916754e+01
5.400000000000000000e+01 4.389491797759124836e+01
5.500000000000000000e+01 4.722446898013321004e+01
5.600000000000000000e+01 3.364198671075406111e+01
5.700000000000000000e+01 1.292234267938240322e+01
5.800000000000000000e+01 5.107043437967970778e-01
5.900000000000000000e+01 5.901556436332356270e+00
6.000000000000000000e+01 2.518791140684975716e+01
6.100000000000000000e+01 4.375259528623251271e+01
6.200000000000000000e+01 4.737148577693395168e+01
6.300000000000000000e+01 3.328187880342518667e+01
6.400000000000000000e+01 1.243048278607716739e+01
6.500000000000000000e+01 8.320814209977809295e-01
6.600000000000000000e+01 6.753057391494121653e+00
6.700000000000000000e+01 2.414954522490855382e+01
6.800000000000000000e+01 3.791806676553620292e+01
6.900000000000000000e+01 3.663171974798440544e+01
7.000000000000000000e+01 2.189125867087080479e+01
7.100000000000000000e+01 6.276449072893434789e+00
7.200000000000000000e+01 1.982384463603762415e+00
7.300000000000000000e+01 1.048825569090500487e+01
7.400000000000000000e+01 2.231172481568671984e+01
7.500000000000000000e+01 2.632240047370129687e+01
7.600000000000000000e+01 1.948329812653982884e+01
7.700000000000000000e+01 8.345339872823750227e+00
7.800000000000000000e+01 2.040405444355068543e+00
7.900000000000000000e+01 4.180299838742185692e+00
8.000000000000000000e+01 1.087182917414393657e+01
8.100000000000000000e+01 1.536781654038215983e+01
8.200000000000000000e+01 1.402988967509945439e+01
8.300000000000000000e+01 8.431096282155962740e+00
8.400000000000000000e+01 2.976748008745943253e+00
8.500000000000000000e+01 1.135820029042624357e+00
8.600000000000000000e+01 3.356801901816815814e+00
8.700000000000000000e+01 7.428195332297635289e+00
8.800000000000000000e+01 1.026605964872915600e+01
8.900000000000000000e+01 9.845072060211625953e+00
9.000000000000000000e+01 6.374148968901266699e+00
9.100000000000000000e+01 2.155072102346356822e+00
9.200000000000000000e+01 9.510207999341541152e-02
9.300000000000000000e+01 1.721237948420863528e+00
9.400000000000000000e+01 6.075424273552622267e+00
9.500000000000000000e+01 1.033160498810445915e+01
9.600000000000000000e+01 1.169622874604832852e+01
9.700000000000000000e+01 9.254875935618658289e+00
9.800000000000000000e+01 4.581881335392207433e+00
9.900000000000000000e+01 7.992351770883495687e-01
1.000000000000000000e+02 6.456618801156408516e-01
1.010000000000000000e+02 4.639738537169804999e+00
1.020000000000000000e+02 1.049887802656344604e+01
1.030000000000000000e+02 1.442341007144606380e+01
1.040000000000000000e+02 1.365703957536308621e+01
1.050000000000000000e+02 8.588002903799985432e+00
1.060000000000000000e+02 2.676626250829692744e+00
1.070000000000000000e+02 3.388703366367122605e-02
1.080000000000000000e+02 2.406722174483731269e+00
1.090000000000000000e+02 7.920282511413631710e+00
1.100000000000000000e+02 1.255147578134874564e+01
1.110000000000000000e+02 1.312150773357398315e+01
1.120000000000000000e+02 9.471157932639549415e+00
1.130000000000000000e+02 4.283150446560664015e+00
1.140000000000000000e+02 9.249423620371122201e-01
1.150000000000000000e+02 1.088236032524921848e+00
1.160000000000000000e+02 3.905825206133004546e+00
1.170000000000000000e+02 6.932481608766991599e+00
1.180000000000000000e+02 8.017559772958081865e+00
1.190000000000000000e+02 6.649442565101791658e+00
1.200000000000000000e+02 3.966794015751961222e+00
