0.000000000000000000e+00 0.000000000000000000e+00
1.000000000000000000e+00 2.874869988349349481e-01
2.000000000000000000e+00 3.392294521419086939e-02
3.000000000000000000e+00 2.318754210293637597e-01
4.000000000000000000e+00 4.798492926387660229e-01
5.000000000000000000e+00 4.471236543711222255e-01
6.000000000000000000e+00 3.188855523232049238e-01
7.000000000000000000e+00 1.513580710652665529e-01
8.000000000000000000e+00 3.771466243336980551e-01
9.000000000000000000e+00 9.700088801827511098e-01
1.000000000000000000e+01 6.958883937340303305e-01
1.100000000000000000e+01 3.946248684293809927e-01
1.200000000000000000e+01 7.758576596886290755e-01
1.300000000000000000e+01 8.241464576834354183e-01
1.400000000000000000e+01 1.603064370412956352e+00
1.500000000000000000e+01 1.231231757310760067e+00
1.600000000000000000e+01 3.251769793738634035e-02
1.700000000000000000e+01 1.514071236356145267e+00
1.800000000000000000e+01 1.819580000347457815e+00
1.900000000000000000e+01 7.981109007700502023e-01
2.000000000000000000e+01 4.863728643347107194e-01
2.100000000000000000e+01 6.662383609246079752e-01
2.200000000000000000e+01 1.383880860842759963e+00
2.300000000000000000e+01 9.160271178009762316e-01
2.400000000000000000e+01 2.538726656812559934e-01
2.500000000000000000e+01 2.309502248742472397e-01
2.600000000000000000e+01 6.530446612997200528e-01
2.700000000000000000e+01 8.752540253729061970e-01
2.800000000000000000e+01 4.114132358323300820e-01
2.900000000000000000e+01 6.404122274273332804e-02
3.000000000000000000e+01 2.516419389867408651e-01
3.100000000000000000e+01 5.300326668924193463e-01
3.200000000000000000e+01 4.959017279130777944e-01
3.300000000000000000e+01 1.584459227976519058e-01
3.400000000000000000e+01 1.633987586229657396e-01
3.500000000000000000e+01 6.770697326048611409e-01
3.600000000000000000e+01 7.456532073159358731e-01
3.700000000000000000e+01 5.712521154111869226e-01
3.800000000000000000e+01 8.618894731087947125e-01
3.900000000000000000e+01 1.208242276505087531e+00
4.000000000000000000e+01 1.828019436915572449e+00
4.100000000000000000e+01 1.793918804911005305e+00
4.200000000000000000e+01 8.894188921360568489e-01
4.300000000000000000e+01 2.789199671961847926e+00
4.400000000000000000e+01 4.621020458068383796e+00
4.500000000000000000e+01 2.499282458522914752e+00
4.600000000000000000e+01 4.592423013285722444e-01
4.700000000000000000e+01 2.347775696625660213e+00
4.800000000000000000e+01 6.000797787444661857e+00
4.900000000000000000e+01 4.850799033893988366e+00
5.000000000000000000e+01 9.160082595537792916e-01
5.100000000000000000e+01 8.522459354011708843e-01
5.200000000000000000e+01 4.131124998280037097e+00
5.300000000000000000e+01 4.809517522969581904e+00
5.400000000000000000e+01 1.494591055844875616e+00
5.500000000000000000e+01 6.731888926521705230e-01
5.600000000000000000e+01 3.040478097448895412e+00
5.700000000000000000e+01 2.804817976100891563e+00
5.800000000000000000e+01 7.549517637504610246e-01
5.900000000000000000e+01 5.414991919268320464e-01
6.000000000000000000e+01 2.688866874855858846e+00
6.100000000000000000e+01 2.349588057448654066e+00
6.200000000000000000e+01 1.244839027688429356e+00
6.300000000000000000e+01 1.635974861717034212e+00
6.400000000000000000e+01 4.446403293717001937e+00
6.500000000000000000e+01 5.313503392497000988e+00
6.600000000000000000e+01 3.505353083705906148e+00
6.700000000000000000e+01 2.929516681123836896e+00
6.800000000000000000e+01 4.207952999170395003e+00
6.900000000000000000e+01 1.256077871381849853e+01
7.000000000000000000e+01 1.243867177297155280e+01
7.100000000000000000e+01 6.139738003911265452e+00
7.200000000000000000e+01 8.594741414099861032e+00
7.300000000000000000e+01 7.624523608069349478e+00
7.400000000000000000e+01 1.963542199909056052e+01
7.500000000000000000e+01 2.181723137531358248e+01
7.600000000000000000e+01 2.905780158355494081e+00
7.700000000000000000e+01 7.755420843257156527e+00
7.800000000000000000e+01 1.436317590116663645e+01
7.900000000000000000e+01 1.238481419505092873e+01
8.000000000000000000e+01 9.656768819524547354e+00
8.100000000000000000e+01 4.081300719185613879e+00
8.200000000000000000e+01 4.023090492749547664e+00
8.300000000000000000e+01 4.404840507467542743e+00
8.400000000000000000e+01 4.879988735237072106e+00
8.500000000000000000e+01 4.086449493212974460e+00
8.600000000000000000e+01 1.388129587076566640e+00
8.700000000000000000e+01 7.045306152900686625e-01
8.800000000000000000e+01 1.211393497840104860e+00
8.900000000000000000e+01 2.761411336383605253e+00
9.000000000000000000e+01 1.838426029266055695e+00
9.100000000000000000e+01 9.378651208159761721e-01
9.200000000000000000e+01 6.947744269492386326e-01
9.300000000000000000e+01 1.700599127009837730e+00
9.400000000000000000e+01 2.725533270847106948e+00
9.500000000000000000e+01 2.836223465437472058e+00
9.600000000000000000e+01 3.095640160279498510e+00
9.700000000000000000e+01 1.762546299647578252e+00
9.800000000000000000e+01 4.243328154246771788e+00
9.900000000000000000e+01 5.947598278843273079e+00
1.000000000000000000e+02 7.832074947822337485e+00
1.010000000000000000e+02 4.324026826816504077e+00
1.020000000000000000e+02 1.310551248103791977e+00
1.030000000000000000e+02 1.070302486033378919e+01
1.040000000000000000e+02 8.635529616157533894e+00
1.050000000000000000e+02 2.310434126170271441e+00
1.060000000000000000e+02 3.165745482588697257e+00
1.070000000000000000e+02 5.240075237582225043e+00
1.080000000000000000e+02 5.226469279131152668e+00
1.090000000000000000e+02 2.299515167235088420e+00
1.100000000000000000e+02 9.494598499310272777e-01
1.110000000000000000e+02 3.216740290210446940e+00
1.120000000000000000e+02 3.035097994289098544e+00
1.130000000000000000e+02 7.835356545299996256e-01
1.140000000000000000e+02 2.304177329021629195e+00
1.150000000000000000e+02 2.338021515873904832e+00
1.160000000000000000e+02 3.980197216544006711e+00
1.170000000000000000e+02 1.426819018352875723e+00
1.180000000000000000e+02 1.885752712094705963e+00
1.190000000000000000e+02 5.155401317517549487e+00
1.200000000000000000e+02 1.037796340042392407e+00
